shape_id,shape_pt_lat,shape_pt_lon,shape_pt_sequence,shape_dist_traveled
p_1402,40.7702,-73.86462,1,0
p_1402,40.77118,-73.86597,2,157.58805224
p_1402,40.7712,-73.866,3,160.95668536
p_1402,40.771434756152,-73.866333067417,4,199.30140563
p_1402,40.771562727456,-73.866499364376,5,219.27809333
p_1402,40.771490616672,-73.866514116526,6,227.38223223
p_1402,40.771423584043,-73.866570442915,7,236.21544846
p_1402,40.771321003676,-73.866688460112,8,251.34952047
p_1402,40.77123670484,-73.866807818413,9,265.10371926
p_1402,40.77113,-73.86702,10,286.58174714
p_1402,40.7699,-73.86843,11,467.76631641
p_1402,40.7698,-73.86858,12,484.60967158
p_1402,40.76976,-73.86866,13,492.69361381
p_1402,40.76968,-73.86886,14,511.77354138
p_1402,40.76965,-73.86903,15,526.50777241
p_1402,40.769616724505,-73.869189620018,16,540.48151924
p_1402,40.769603520741,-73.869290202856,17,549.09913127
p_1402,40.769562893759,-73.869386762381,18,558.41654683
p_1402,40.769530392156,-73.869440406561,19,564.20785094
p_1402,40.769491796481,-73.869475275278,20,569.40751267
p_1402,40.769444059695,-73.86949673295,21,575.00966386
p_1402,40.76935366441,-73.869519531727,22,585.23088952
p_1402,40.769262253322,-73.869520872831,23,595.38267215
p_1402,40.769152559851,-73.869536966085,24,607.63961377
p_1402,40.769049975978,-73.869575858116,25,619.49528276
p_1402,40.768976846783,-73.869630843401,26,628.84947843
p_1402,40.768919968465,-73.869708627462,27,637.96120288
p_1402,40.76887629401,-73.869803845882,28,647.35004929
p_1402,40.768852933243,-73.869909793139,29,656.66359627
p_1402,40.768837697955,-73.870021104813,30,666.21254353
p_1402,40.768774725397,-73.870581686497,31,714.05544381
p_1402,40.768720893969,-73.871155679226,32,762.88413527
p_1402,40.768622372187,-73.872075676918,33,841.32505045
p_1402,40.768524865949,-73.872988969088,34,919.18975066
p_1402,40.768446657718,-73.873777538538,35,986.33187415
p_1402,40.76832579027,-73.874913454056,36,1083.17080412
p_1402,40.76818867147,-73.876271992922,37,1198.87743414
p_1402,40.76846,-73.87631,38,1229.17870383
p_1402,40.76894,-73.87639,39,1282.90865983
p_1402,40.76911,-73.87636,40,1301.95621916
p_1402,40.76965,-73.87608,41,1366.41430235
p_1402,40.76985,-73.87601,42,1389.39704245
p_1402,40.77032,-73.87598,43,1441.65171087
p_1402,40.77039,-73.87598,44,1449.42517388
p_1402,40.77079,-73.87592,45,1494.13286698
p_1402,40.77087,-73.8759,46,1503.17586497
p_1402,40.77097,-73.8759,47,1514.28081323
p_1402,40.77107,-73.8759,48,1525.38576168
p_1402,40.77118,-73.87592,49,1537.7173524
p_1402,40.77168,-73.87605,50,1594.31641618
p_1402,40.771842029048,-73.876080214977,51,1612.48958043
p_1402,40.772076641478,-73.876135200262,52,1638.953497
p_1402,40.772246252546,-73.875970244408,53,1662.37798793
p_1402,40.772345784587,-73.875339925289,54,1716.72786662
p_1402,40.772420941336,-73.874653279781,55,1775.29493108
p_1402,40.772425003861,-73.874253630638,56,1809.0378891
p_1402,40.772380316077,-73.873845934868,57,1843.81307877
p_1402,40.772313284345,-73.873312175274,58,1889.48588886
p_1402,40.77224219001,-73.872869610786,59,1927.67400819
p_1402,40.77217,-73.87246,60,1963.17212509
p_1402,40.77215,-73.87205,61,1997.85724467
p_1402,40.77216,-73.87175,62,2023.20885207
p_1402,40.77218,-73.8716,63,2036.06577335
p_1402,40.77218,-73.87159,64,2036.91001549
p_1402,40.77222,-73.87142,65,2051.93380702
p_1402,40.77224,-73.87134,66,2059.04354653
p_1402,40.77231,-73.8711,67,2080.74531147
p_1402,40.77251,-73.87073,68,2119.07311675
p_1402,40.77268,-73.87053,69,2144.40075027
p_1402,40.77282,-73.87042,70,2162.51007817
p_1402,40.77302,-73.87031,71,2186.58330091
p_1402,40.77309,-73.87032,72,2194.4024767
p_1402,40.77338,-73.87035,73,2226.70627664
p_1402,40.77353,-73.87042,74,2244.38092303
p_1402,40.773686405722,-73.870584368706,75,2266.61218783
p_1402,40.773777810723,-73.870699703693,76,2280.67768963
p_1402,40.773893590211,-73.870925009251,77,2303.63632398
p_1402,40.773997182213,-73.871110081673,78,2323.03873214
p_1402,40.77407843073,-73.871340751648,79,2344.50098206
p_1402,40.774171866401,-73.871598243713,80,2368.58829822
p_1402,40.774242958671,-73.871850371361,81,2391.29027773
p_1402,40.77427952038,-73.872027397156,82,2406.77678399
p_1402,40.774295770022,-73.872201740742,83,2421.60534612
p_1402,40.774297801227,-73.872228562832,84,2423.8809152
p_1402,40.774295770022,-73.872496783733,85,2446.52565884
p_1402,40.774259208322,-73.872773051262,86,2470.19936213
p_1402,40.774226709016,-73.873073458672,87,2495.81574574
p_1402,40.774137335842,-73.873462378979,88,2530.1163088
p_1402,40.774037806484,-73.873690366745,89,2552.31122388
p_1402,40.773938276977,-73.873837888241,90,2568.96251946
p_1402,40.77385,-73.87398,91,2584.45567569
p_1402,40.77377,-73.87403,92,2594.29145471
p_1402,40.77369,-73.87407,93,2603.79556878
p_1402,40.77364,-73.87409,94,2609.59908932
p_1402,40.77358,-73.87411,95,2616.47266581
p_1402,40.77348,-73.87413,96,2627.70524572
p_1402,40.77333,-73.87413,97,2644.3626753
p_1402,40.77324,-73.87412,98,2654.39272529
p_1402,40.77311,-73.87407,99,2669.43363091
p_1402,40.77297,-73.87399,100,2686.38419507
p_1402,40.77282,-73.87388,101,2705.45538231
p_1402,40.77271,-73.87377,102,2720.80001502
p_1402,40.7726,-73.87367,103,2735.64894105
p_1402,40.77252,-73.87354,104,2749.76904246
p_1402,40.77242,-73.87332,105,2771.40894599
p_1402,40.77233,-73.87309,106,2793.24764887
p_1402,40.77226,-73.87288,107,2812.60600985
p_1402,40.77223,-73.87276,108,2823.27061696
p_1402,40.77217,-73.87246,109,2849.45964344
p_1402,40.77215,-73.87205,110,2884.14476302
p_1402,40.77212,-73.87175,111,2909.69021226
p_1402,40.77211,-73.87162,112,2920.72140915
p_1402,40.7721,-73.8715,113,2930.9130077
p_1402,40.7721,-73.87144,114,2935.97846664
p_1402,40.7721,-73.87122,115,2954.55181608
p_1402,40.77209,-73.87096,116,2976.53021253
p_1402,40.77209,-73.87073,117,2995.94780804
p_1402,40.77208,-73.87062,118,3005.30064533
p_1402,40.77207,-73.87053,119,3012.97955864
p_1402,40.77203,-73.87037,120,3027.19907225
p_1402,40.77198,-73.8702,121,3042.58784439
p_1402,40.77171,-73.86959,122,3102.17938923
p_1402,40.77141,-73.86901,123,3161.40436034
p_1402,40.77105,-73.86832,124,3232.0563271
p_1402,40.77017,-73.86681,125,3392.68617904
p_1402,40.76984,-73.86623,126,3453.84811891
p_1402,40.76959,-73.86583,127,3497.56567678
p_1402,40.76943,-73.86556,128,3526.46777503
p_1402,40.76937,-73.86544,129,3538.59373636
p_1402,40.7692,-73.86521,130,3565.67636854
p_1402,40.76901,-73.86502,131,3592.18125614
p_1402,40.76853,-73.86467,132,3653.12786774
p_1402,40.76829,-73.86446,133,3685.13845743
p_1402,40.76805,-73.86422,134,3718.61848389
p_1402,40.76767,-73.86384,135,3771.62861421
p_1402,40.76748,-73.86364,136,3798.6530757
p_1402,40.76732,-73.86348,137,3820.97318582
p_1402,40.76725,-73.86337,138,3833.08439721
p_1402,40.76718,-73.86322,139,3847.94434726
p_1402,40.76713,-73.86305,140,3863.33409096
p_1402,40.76712,-73.86288,141,3877.73018991
p_1402,40.76711,-73.86278,142,3886.24596947
p_1402,40.76711,-73.86267,143,3895.53333892
p_1402,40.76715,-73.86225,144,3931.27132093
p_1402,40.7672,-73.86183,145,3967.16422324
p_1402,40.76722,-73.86172,146,3976.71345155
p_1402,40.76724,-73.86161,147,3986.26267715
p_1402,40.76727,-73.86152,148,3994.55964219
p_1402,40.76728,-73.86148,149,3998.11474995
p_1402,40.76732,-73.86138,150,4007.65498393
p_1402,40.76741,-73.86124,151,4023.13423215
p_1402,40.7675,-73.8611,152,4038.61346829
p_1402,40.76754,-73.86104,153,4045.35094221
p_1402,40.76759,-73.86098,154,4052.86707794
p_1402,40.76763,-73.86096,155,4057.61918561
p_1402,40.76767,-73.86094,156,4062.37129295
p_1402,40.76772,-73.86095,157,4067.98758844
p_1402,40.76777,-73.86097,158,4073.79114711
p_1402,40.76785,-73.86095,159,4082.83415479
p_1402,40.76786,-73.86094,160,4084.22915826
p_1402,40.76804,-73.86074,161,4110.39574123
p_1402,40.76811,-73.86066,162,4120.69370031
p_1402,40.76819,-73.86057,163,4132.38403603
p_1402,40.76831,-73.86055,164,4145.81652543
p_1402,40.76839,-73.86045,165,4158.07243482
p_1402,40.76849,-73.86033,166,4173.10461797
p_1402,40.76851,-73.86028,167,4177.87466797
p_1402,40.76851,-73.86022,168,4182.94039954
p_1402,40.7685,-73.86017,169,4187.30546325
p_1402,40.76848,-73.86012,170,4192.07551381
p_1402,40.76843,-73.86007,171,4199.05050862
p_1402,40.76837,-73.86006,172,4205.76675325
p_1402,40.76831,-73.86006,173,4212.42971922
p_1402,40.76826,-73.8601,174,4218.92857984
p_1402,40.76804,-73.86035,175,4251.21459774
p_1402,40.76788,-73.86054,176,4275.15268427
p_1402,40.76777,-73.86073,177,4295.31580308
p_1402,40.767770203458,-73.860737979412,178,4295.98988197
p_1402,40.767770203458,-73.860815763473,179,4302.55717435
p_1402,40.767781376182,-73.860882818699,180,4308.35299271
p_1402,40.767795596009,-73.860924392939,181,4312.20194004
p_1402,40.767816925745,-73.860953897238,182,4315.63935318
p_1402,40.767829114163,-73.860986083746,183,4318.67527213
p_1402,40.767833176968,-73.861023634672,184,4321.87762782
p_1402,40.767854506692,-73.861142992973,185,4332.22964334
p_1402,40.767894119018,-73.861247599125,186,4342.09637232
p_1402,40.767986547686,-73.861393779516,187,4358.14867718
p_1402,40.768323758882,-73.861889988184,188,4414.33977814
p_1402,40.768323504959,-73.86188596487,189,4414.68063128
p_1402,40.768515724732,-73.862155526876,190,4445.88339207
p_1402,40.768669347797,-73.862371779978,191,4470.87117068
p_1402,40.768669347797,-73.862370103598,192,4471.01270519
p_1402,40.768775741084,-73.862553834915,193,4490.51193141
p_1402,40.768810274429,-73.86262357235,194,4497.53852609
p_1402,40.768823478351,-73.862690627575,195,4503.38669783
p_1402,40.768825509723,-73.862822055817,196,4514.48527485
p_1402,40.768813321488,-73.862949460745,197,4525.32669812
p_1402,40.768799101878,-73.863041996956,198,4533.2973725
p_1402,40.768804180311,-73.863080888987,199,4536.62904578
p_1402,40.768815352861,-73.863119781017,200,4540.13922327
p_1402,40.768882388122,-73.863213658333,201,4551.01289128
p_1402,40.7689758311,-73.863326311111,202,4565.0890605
p_1402,40.76907536804,-73.863440304995,203,4579.74537262
p_1402,40.769236861331,-73.863615989685,204,4603.01828557
p_1402,40.769307958882,-73.863699138165,205,4613.58320744
p_1402,40.76942,-73.86381,206,4629.15279876
p_1402,40.76958,-73.86388,207,4647.87780951
p_1402,40.76968,-73.86393,208,4659.7580369
p_1402,40.76977,-73.86401,209,4671.82071002
p_1402,40.76982,-73.86409,210,4680.56421539
p_1402,40.7702,-73.86462,211,4742.07005943
p_1404,40.768323504959,-73.86188596487,1,0
p_1404,40.768515724732,-73.862155526876,2,31.20276079
p_1404,40.768669347797,-73.862371779978,3,56.1905394
p_1404,40.768669347797,-73.862370103598,4,56.33207391
p_1404,40.768775741084,-73.862553834915,5,75.83130013
p_1404,40.768810274429,-73.86262357235,6,82.85789481
p_1404,40.768823478351,-73.862690627575,7,88.70606655
p_1404,40.768825509723,-73.862822055817,8,99.80464357
p_1404,40.768813321488,-73.862949460745,9,110.64606684
p_1404,40.768799101878,-73.863041996956,10,118.61674122
p_1404,40.768804180311,-73.863080888987,11,121.9484145
p_1404,40.768815352861,-73.863119781017,12,125.45859199
p_1404,40.768882388122,-73.863213658333,13,136.33226
p_1404,40.7689758311,-73.863326311111,14,150.40842922
p_1404,40.76907536804,-73.863440304995,15,165.06474134
p_1404,40.769236861331,-73.863615989685,16,188.33765429
p_1404,40.769307958882,-73.863699138165,17,198.90257616
p_1404,40.76942,-73.86381,18,214.47216748
p_1404,40.76958,-73.86388,19,233.19717823
p_1404,40.76968,-73.86393,20,245.07740562
p_1404,40.76977,-73.86401,21,257.14007874
p_1404,40.76982,-73.86409,22,265.88358411
p_1404,40.7702,-73.86462,23,327.38942815
p_1404,40.771140218089,-73.865918666124,24,478.79228648
p_1404,40.771188969307,-73.865995109081,25,487.21605639
p_1404,40.771464209887,-73.866362571716,26,530.76688248
p_1404,40.771469288116,-73.866410851479,27,534.88173355
p_1404,40.77146116295,-73.866451084614,28,538.3962209
p_1404,40.771419521457,-73.866516798735,29,545.61863803
p_1404,40.77134233228,-73.86666432023,30,560.73788185
p_1404,40.771145296342,-73.866990208626,31,595.89106315
p_1404,40.770633406434,-73.867585659027,32,671.77637526
p_1404,40.770363240726,-73.867896795273,33,711.65266435
p_1404,40.769999632512,-73.868293762207,34,764.12792809
p_1404,40.769715244813,-73.868744373322,35,813.5718127
p_1404,40.769625865571,-73.869028687477,36,839.54686222
p_1404,40.769613677483,-73.869280815125,37,860.8763443
p_1404,40.769719307503,-73.869645595551,38,893.83207521
p_1404,40.769963068447,-73.870101571083,39,940.89327902
p_1404,40.770682158024,-73.871249556541,40,1066.47321877
p_1404,40.770787786345,-73.871439993382,41,1086.37519812
p_1404,40.770871070096,-73.871627748013,42,1104.72737723
p_1404,40.77095638505,-73.871925473213,43,1131.58930553
p_1404,40.77101935554,-73.872295618057,44,1163.61189839
p_1404,40.771025449456,-73.872582614422,45,1187.85120999
p_1404,40.770999042485,-73.872853517532,46,1210.90962359
p_1404,40.770901539735,-73.873229026794,47,1244.41031244
p_1404,40.770637469068,-73.87408465147,48,1322.3726751
p_1404,40.770539965787,-73.87465596199,49,1371.8066541
p_1404,40.770489182771,-73.875125348568,50,1411.83449058
p_1404,40.770430274425,-73.875632286072,51,1455.13045556
p_1404,40.770462775588,-73.87582808733,52,1472.05067545
p_1404,40.770525746546,-73.875932693481,53,1483.31549672
p_1404,40.770684189339,-73.875948786736,54,1500.96286737
p_1404,40.770893414499,-73.875924646854,55,1524.28642578
p_1404,40.771088419881,-73.875916600227,56,1545.95232595
p_1404,40.771527179896,-73.876002430916,57,1595.21229139
p_1404,40.772051250562,-73.876152634621,58,1654.77559819
p_1404,40.771943592972,-73.876683712006,59,1701.17806454
p_1404,40.771866404404,-73.877002894878,60,1729.45542241
p_1404,40.771805465997,-73.877169191837,61,1745.04080135
p_1404,40.771699839293,-73.877418637276,62,1769.14650822
p_1404,40.771982187223,-73.877729773521,63,1810.05000168
p_1404,40.77183,-73.87788,64,1831.17993749
p_1404,40.77169,-73.87803,65,1851.23178594
p_1404,40.77157,-73.8782,66,1870.81666042
p_1404,40.77146,-73.87839,67,1890.97907801
p_1404,40.77131,-73.87877,68,1927.12735304
p_1404,40.77103,-73.87937,69,1986.56460473
p_1404,40.77073,-73.87987,70,2040.34015976
p_1404,40.77068,-73.87997,71,2050.44499022
p_1404,40.77054,-73.88021,72,2075.98451372
p_1404,40.77051,-73.88026,73,2081.36208673
p_1404,40.7703,-73.8806,74,2118.34610211
p_1404,40.7702,-73.88074,75,2134.56417573
p_1404,40.77004,-73.88094,76,2159.07568983
p_1404,40.76986,-73.88117,77,2186.94365481
p_1404,40.76957,-73.88159,78,2234.84453657
p_1404,40.76931,-73.88202,79,2281.23004439
p_1404,40.76909,-73.88245,80,2324.98905181
p_1404,40.76892,-73.8828,81,2360.05455769
p_1404,40.76875,-73.88315,82,2395.12012673
p_1404,40.76857,-73.88356,83,2435.09269915
p_1404,40.76839,-73.88397,84,2475.06535215
p_1404,40.76826,-73.88429,85,2505.69777679
p_1404,40.76813,-73.88461,86,2536.33024771
p_1404,40.76805,-73.88486,87,2559.23100692
p_1404,40.76804,-73.88497,88,2568.58440261
p_1404,40.76806,-73.8851,89,2579.78268719
p_1404,40.7681,-73.88524,90,2592.40989255
p_1404,40.76819,-73.8854,91,2609.21387265
p_1404,40.76827,-73.88555,92,2624.68355979
p_1404,40.76841,-73.88585,93,2654.40309743
p_1404,40.76845,-73.88593,94,2662.4871533
p_1404,40.7685,-73.88599,95,2670.00324311
p_1404,40.7686,-73.88611,96,2685.03541515
p_1404,40.76871,-73.88619,97,2698.99383271
p_1404,40.76884,-73.88631,98,2716.63061712
p_1404,40.76914,-73.88662,99,2758.99677583
p_1404,40.7692,-73.88667,100,2766.884447
p_1404,40.76929,-73.88672,101,2777.73383543
p_1404,40.76939,-73.88676,102,2789.34093222
p_1404,40.7695,-73.88679,103,2801.81619584
p_1404,40.76951,-73.88679,104,2802.92669039
p_1404,40.76972,-73.88682,105,2826.38421801
p_1404,40.77021,-73.8869,106,2881.21603297
p_1404,40.77052,-73.88696,107,2916.01206704
p_1404,40.77059,-73.887,108,2924.48739617
p_1404,40.7709,-73.88713,109,2960.61997133
p_1404,40.77117,-73.88724,110,2992.00861596
p_1404,40.77162,-73.88743,111,3044.49227842
p_1404,40.77167,-73.88745,112,3050.29581197
p_1404,40.77175,-73.88749,113,3059.79995947
p_1404,40.77193,-73.88756,114,3080.64417633
p_1404,40.77195,-73.88756,115,3082.86516637
p_1404,40.77202,-73.88759,116,3091.04083162
p_1404,40.7721,-73.8876,117,3099.96481611
p_1404,40.77223,-73.8876,118,3114.40125197
p_1404,40.77232,-73.88761,119,3124.43130128
p_1404,40.77259,-73.88762,120,3154.42655279
p_1404,40.77281,-73.88765,121,3178.98837625
p_1404,40.77315,-73.88771,122,3217.08348069
p_1404,40.77331,-73.88772,123,3234.87145016
p_1404,40.77346,-73.88768,124,3251.86772808
p_1404,40.77359,-73.88757,125,3269.03308334
p_1404,40.77367,-73.88746,126,3281.88466556
p_1404,40.77371,-73.88732,127,3294.5109419
p_1404,40.77374,-73.88704,128,3318.38278376
p_1404,40.773816911713,-73.886191472411,129,3390.52471885
p_1404,40.77382808342,-73.886059373617,130,3401.74557502
p_1404,40.773815388298,-73.88599768281,131,3407.14108156
p_1404,40.773795583903,-73.885949403048,132,3411.7724523
p_1404,40.773781619262,-73.885907493532,133,3415.63547929
p_1404,40.773778826334,-73.885880000889,134,3417.97709957
p_1404,40.773781873165,-73.885850161314,135,3420.51884247
p_1404,40.773781873165,-73.88584882021,136,3420.6320614
p_1404,40.773792029268,-73.885787129402,137,3425.96085311
p_1404,40.773815388298,-73.88571202755,138,3432.81123912
p_1404,40.773846872196,-73.88567045331,139,3437.76527947
p_1404,40.773879371688,-73.88560205698,140,3444.57455256
p_1404,40.773896637037,-73.885477334261,141,3455.27704021
p_1404,40.77406,-73.88389,142,3590.5052677
p_1404,40.77408,-73.88382,143,3596.8183744
p_1404,40.7741,-73.88376,144,3602.34921011
p_1404,40.77416,-73.88372,145,3609.81904644
p_1404,40.774228740223,-73.883676230907,146,3618.29989931
p_1404,40.774307957251,-73.88366818428,147,3627.12310367
p_1404,40.774372955768,-73.88369768858,148,3634.75883547
p_1404,40.774419673413,-73.883735239506,149,3640.83868873
p_1404,40.774466391025,-73.883794248104,150,3648.03113094
p_1404,40.774539514178,-73.883898854256,151,3660.02802445
p_1404,40.774596387685,-73.883973956108,152,3668.97716004
p_1404,40.774659354726,-73.884041011333,153,3677.97382887
p_1404,40.774728415283,-73.884081244469,154,3686.36144711
p_1404,40.774795444578,-73.884102702141,155,3694.02227182
p_1404,40.77490715992,-73.884121477604,156,3706.52905738
p_1404,40.77497622022,-73.884134888649,157,3714.28129244
p_1404,40.775051373993,-73.884169757366,158,3723.13099754
p_1404,40.7751346524,-73.884175121784,159,3732.39010984
p_1404,40.775219961879,-73.88418585062,160,3741.90688869
p_1404,40.775270741278,-73.884218037128,161,3748.16642659
p_1404,40.775246367171,-73.884416520596,162,3765.1396761
p_1404,40.775217930702,-73.884494304657,163,3772.42608432
p_1404,40.775163088905,-73.884531855583,164,3779.29189299
p_1404,40.775081841715,-73.884531855583,165,3788.31435799
p_1404,40.774799760856,-73.884477205575,166,3819.97723953
p_1404,40.774799506958,-73.884480893612,167,3820.28986099
p_1404,40.774509046207,-73.884424567223,168,3852.8940168
p_1404,40.774460297425,-73.884303867817,169,3864.43239918
p_1404,40.774372955768,-73.883973956108,170,3893.92455518
p_1404,40.774370924566,-73.883850574493,171,3904.34305083
p_1404,40.774350612535,-73.883775472641,172,3911.07254948
p_1404,40.774299832432,-73.883719146252,173,3918.44893497
p_1404,40.774242958671,-73.883700370789,174,3924.96060098
p_1404,40.77414749189,-73.883719146252,175,3935.67998104
p_1404,40.774088586787,-73.883796930313,176,3944.94879093
p_1404,40.773950464272,-73.884982466698,177,4046.20252457
p_1404,40.773822497567,-73.886170685291,178,4147.51595205
p_1404,40.773779841944,-73.886227011681,179,4154.22788071
p_1404,40.773729061405,-73.886251151562,180,4160.22398631
p_1404,40.773680312051,-73.886272609234,181,4165.93262395
p_1404,40.773631562661,-73.886275291443,182,4171.35095469
p_1404,40.773266956714,-73.886201530695,183,4212.3163237
p_1404,40.77327,-73.8862,184,4212.67814294
p_1404,40.77316,-73.88618,185,4225.00973081
p_1404,40.77312,-73.88615,186,4230.12301878
p_1404,40.77301,-73.88613,187,4242.45460686
p_1404,40.77291,-73.8861,188,4253.84471293
p_1404,40.77282,-73.88605,189,4264.69401802
p_1404,40.77268,-73.88602,190,4280.4458974
p_1404,40.77237,-73.88596,191,4315.24192038
p_1404,40.77198,-73.88589,192,4358.95256702
p_1404,40.77187,-73.88587,193,4371.28415665
p_1404,40.77181,-73.88587,194,4377.94712667
p_1404,40.77173,-73.88584,195,4387.18506615
p_1404,40.77167,-73.88578,196,4395.55491378
p_1404,40.77155,-73.88561,197,4415.13979139
p_1404,40.77153,-73.88558,198,4418.50841461
p_1404,40.77152,-73.88556,199,4420.52936345
p_1404,40.77149,-73.88553,200,4424.71429166
p_1404,40.77146,-73.88549,201,4429.45801897
p_1404,40.77143,-73.88547,202,4433.19296648
p_1404,40.77138,-73.88545,203,4438.99650157
p_1404,40.77132,-73.88539,204,4447.36636496
p_1404,40.77123,-73.88537,205,4457.50244745
p_1404,40.7711,-73.88535,206,4472.03729089
p_1404,40.77107,-73.88535,207,4475.36877546
p_1404,40.77086,-73.88531,208,4498.93241255
p_1404,40.77072,-73.88528,209,4514.68429867
p_1404,40.77014,-73.88517,210,4579.75907536
p_1404,40.76999,-73.88515,211,4596.50185882
p_1404,40.76993,-73.88515,212,4603.16482666
p_1404,40.76986,-73.88517,213,4611.11956689
p_1404,40.76976,-73.88526,214,4624.57528164
p_1404,40.76946,-73.8855,215,4663.56824276
p_1404,40.76935,-73.88559,216,4677.95414223
p_1404,40.769296786414,-73.885631561279,217,4684.82675991
p_1404,40.76927,-73.88566,218,4688.64948738
p_1404,40.76877,-73.88607,219,4754.08061443
p_1404,40.76873,-73.88614,220,4761.47380401
p_1404,40.76871,-73.88619,221,4766.24384173
p_1404,40.7686,-73.88611,222,4780.20225929
p_1404,40.7685,-73.88599,223,4795.23443133
p_1404,40.76845,-73.88593,224,4802.75052114
p_1404,40.76841,-73.88585,225,4810.83457701
p_1404,40.76827,-73.88555,226,4840.55411465
p_1404,40.76819,-73.8854,227,4856.02380179
p_1404,40.7681,-73.88524,228,4872.82778189
p_1404,40.76806,-73.8851,229,4885.45498725
p_1404,40.76804,-73.88497,230,4896.65327183
p_1404,40.76805,-73.88486,231,4906.00666752
p_1404,40.76813,-73.88461,232,4928.90742673
p_1404,40.76826,-73.88429,233,4959.53989765
p_1404,40.76839,-73.88397,234,4990.17232229
p_1404,40.76857,-73.88356,235,5030.14497529
p_1404,40.76875,-73.88315,236,5070.11754771
p_1404,40.76892,-73.8828,237,5105.18311675
p_1404,40.76909,-73.88245,238,5140.24862263
p_1404,40.76931,-73.88202,239,5184.00763005
p_1404,40.76957,-73.88159,240,5230.39313787
p_1404,40.76986,-73.88117,241,5278.29401963
p_1404,40.77004,-73.88094,242,5306.16198461
p_1404,40.7702,-73.88074,243,5330.67349871
p_1404,40.7703,-73.8806,244,5346.89157233
p_1404,40.77051,-73.88026,245,5383.87558771
p_1404,40.77054,-73.88021,246,5389.25316072
p_1404,40.77068,-73.87997,247,5414.79268422
p_1404,40.77073,-73.87987,248,5424.89751468
p_1404,40.77103,-73.87937,249,5478.67306971
p_1404,40.77131,-73.87877,250,5538.1103214
p_1404,40.77146,-73.87839,251,5574.25859643
p_1404,40.771590149846,-73.878161609173,252,5598.35596648
p_1404,40.771722183418,-73.877987265587,253,5619.1316492
p_1404,40.771915155089,-73.877802193165,254,5645.65239742
p_1404,40.77209796984,-73.877627849579,255,5670.72818625
p_1404,40.772250315081,-73.877477645874,256,5691.87097676
p_1404,40.772475785397,-73.877246975899,257,5723.59099561
p_1404,40.772644379818,-73.877056539059,258,5748.26908353
p_1404,40.772792661304,-73.876882195473,259,5770.35502191
p_1404,40.772756098777,-73.876774907112,260,5780.28108609
p_1404,40.772733755,-73.876675665379,261,5789.01911597
p_1404,40.772713442469,-73.876579105854,262,5797.47734095
p_1404,40.77265656735,-73.876471817493,263,5808.51965106
p_1404,40.772471722875,-73.876348435879,264,5831.5381921
p_1404,40.772339690793,-73.876217007637,265,5849.92545473
p_1404,40.772238127474,-73.876066803932,266,5866.89627558
p_1404,40.772341722058,-73.875235319138,267,5938.03002826
p_1404,40.772380316077,-73.874951004982,268,5962.41259027
p_1404,40.772406722498,-73.874664008617,269,5986.81876203
p_1404,40.772422972599,-73.874414563179,270,6007.9550985
p_1404,40.772418910074,-73.874149024487,271,6030.37745196
p_1404,40.772382347341,-73.873870074749,272,6054.27494034
p_1404,40.772341722058,-73.873548209667,273,6081.82003104
p_1404,40.77231125308,-73.873288035393,274,6104.04407208
p_1404,40.772274690287,-73.872966170311,275,6131.51890667
p_1404,40.772197502103,-73.872617483139,276,6162.17909966
p_1404,40.772160939248,-73.872327804565,277,6186.96974924
p_1404,40.772144689084,-73.872027397156,278,6212.3955389
p_1404,40.77212,-73.87175,279,6235.97453492
p_1404,40.77211,-73.87162,280,6247.00573181
p_1404,40.7721,-73.8715,281,6257.19733036
p_1404,40.7721,-73.87144,282,6262.2627893
p_1404,40.7721,-73.87122,283,6280.83613874
p_1404,40.77209,-73.87096,284,6302.81453519
p_1404,40.77209,-73.87073,285,6322.2321307
p_1404,40.77208,-73.87062,286,6331.58496799
p_1404,40.77207,-73.87053,287,6339.2638813
p_1404,40.77203,-73.87037,288,6353.48339491
p_1404,40.77198,-73.8702,289,6368.87216705
p_1404,40.77171,-73.86959,290,6428.46371189
p_1404,40.77141,-73.86901,291,6487.688683
p_1404,40.77105,-73.86832,292,6558.34064976
p_1404,40.77017,-73.86681,293,6718.9705017
p_1404,40.76984,-73.86623,294,6780.13244157
p_1404,40.76959,-73.86583,295,6823.84999944
p_1404,40.76943,-73.86556,296,6852.75209769
p_1404,40.76937,-73.86544,297,6864.87805902
p_1404,40.7692,-73.86521,298,6891.9606912
p_1404,40.76901,-73.86502,299,6918.4655788
p_1404,40.76853,-73.86467,300,6979.4121904
p_1404,40.76829,-73.86446,301,7011.42278009
p_1404,40.76805,-73.86422,302,7044.90280655
p_1404,40.76767,-73.86384,303,7097.91293687
p_1404,40.76748,-73.86364,304,7124.93739836
p_1404,40.76732,-73.86348,305,7147.25750848
p_1404,40.76725,-73.86337,306,7159.36871987
p_1404,40.76718,-73.86322,307,7174.22866992
p_1404,40.76713,-73.86305,308,7189.61841362
p_1404,40.76712,-73.86288,309,7204.01451257
p_1404,40.76711,-73.86278,310,7212.53029213
p_1404,40.76711,-73.86267,311,7221.81766158
p_1404,40.76715,-73.86225,312,7257.55564359
p_1404,40.7672,-73.86183,313,7293.4485459
p_1404,40.76722,-73.86172,314,7302.99777421
p_1404,40.76724,-73.86161,315,7312.54699981
p_1404,40.76727,-73.86152,316,7320.84396485
p_1404,40.76728,-73.86148,317,7324.39907261
p_1404,40.76732,-73.86138,318,7333.93930659
p_1404,40.76741,-73.86124,319,7349.41855481
p_1404,40.7675,-73.8611,320,7364.89779095
p_1404,40.76754,-73.86104,321,7371.63526487
p_1404,40.76759,-73.86098,322,7379.1514006
p_1404,40.76763,-73.86096,323,7383.90350827
p_1404,40.76767,-73.86094,324,7388.65561561
p_1404,40.76772,-73.86095,325,7394.2719111
p_1404,40.76777,-73.86097,326,7400.07546977
p_1404,40.76785,-73.86095,327,7409.11847745
p_1404,40.76786,-73.86094,328,7410.51348092
p_1404,40.76804,-73.86074,329,7436.68006389
p_1404,40.76811,-73.86066,330,7446.97802297
p_1404,40.76819,-73.86057,331,7458.66835869
p_1404,40.76831,-73.86055,332,7472.10084809
p_1404,40.76839,-73.86045,333,7484.35675748
p_1404,40.76849,-73.86033,334,7499.38894063
p_1404,40.76851,-73.86028,335,7504.15899063
p_1404,40.76851,-73.86022,336,7509.2247222
p_1404,40.7685,-73.86017,337,7513.58978591
p_1404,40.76848,-73.86012,338,7518.35983647
p_1404,40.76843,-73.86007,339,7525.33483128
p_1404,40.76837,-73.86006,340,7532.05107591
p_1404,40.76831,-73.86006,341,7538.71404188
p_1404,40.76826,-73.8601,342,7545.2129025
p_1404,40.76804,-73.86035,343,7577.4989204
p_1404,40.76788,-73.86054,344,7601.43700693
p_1404,40.76777,-73.86073,345,7621.60012574
p_1404,40.767770203458,-73.860737979412,346,7622.27420463
p_1404,40.767770203458,-73.860815763473,347,7628.84149701
p_1404,40.767781376182,-73.860882818699,348,7634.63731537
p_1404,40.767795596009,-73.860924392939,349,7638.4862627
p_1404,40.767816925745,-73.860953897238,350,7641.92367584
p_1404,40.767829114163,-73.860986083746,351,7644.95959479
p_1404,40.767833176968,-73.861023634672,352,7648.16195048
p_1404,40.767854506692,-73.861142992973,353,7658.513966
p_1404,40.767894119018,-73.861247599125,354,7668.38069498
p_1404,40.767986547686,-73.861393779516,355,7684.43299984
p_1404,40.768323758882,-73.861889988184,356,7740.6241008
p_1405,40.774799506958,-73.884480893612,1,0
p_1405,40.774509046207,-73.884424567223,2,32.60415581
p_1405,40.774460297425,-73.884303867817,3,44.14253819
p_1405,40.774372955768,-73.883973956108,4,73.63469419
p_1405,40.774370924566,-73.883850574493,5,84.05318984
p_1405,40.774350612535,-73.883775472641,6,90.78268849
p_1405,40.774299832432,-73.883719146252,7,98.15907398
p_1405,40.774242958671,-73.883700370789,8,104.67073999
p_1405,40.77414749189,-73.883719146252,9,115.39012005
p_1405,40.774088586787,-73.883796930313,10,124.65892994
p_1405,40.773950464272,-73.884982466698,11,225.91266358
p_1405,40.773822497567,-73.886170685291,12,327.22609106
p_1405,40.773779841944,-73.886227011681,13,333.93801972
p_1405,40.773729061405,-73.886251151562,14,339.93412532
p_1405,40.773680312051,-73.886272609234,15,345.64276296
p_1405,40.773631562661,-73.886275291443,16,351.0610937
p_1405,40.773266956714,-73.886201530695,17,392.02646271
p_1405,40.77327,-73.8862,18,392.38828195
p_1405,40.77316,-73.88618,19,404.71986982
p_1405,40.77312,-73.88615,20,409.83315779
p_1405,40.77301,-73.88613,21,422.16474587
p_1405,40.77291,-73.8861,22,433.55485194
p_1405,40.77282,-73.88605,23,444.40415703
p_1405,40.77268,-73.88602,24,460.15603641
p_1405,40.77237,-73.88596,25,494.95205939
p_1405,40.77198,-73.88589,26,538.66270603
p_1405,40.77187,-73.88587,27,550.99429566
p_1405,40.77181,-73.88587,28,557.65726568
p_1405,40.77173,-73.88584,29,566.89520516
p_1405,40.77167,-73.88578,30,575.26505279
p_1405,40.77155,-73.88561,31,594.8499304
p_1405,40.77153,-73.88558,32,598.21855362
p_1405,40.77152,-73.88556,33,600.23950246
p_1405,40.77149,-73.88553,34,604.42443067
p_1405,40.77146,-73.88549,35,609.16815798
p_1405,40.77143,-73.88547,36,612.90310549
p_1405,40.77138,-73.88545,37,618.70664058
p_1405,40.77132,-73.88539,38,627.07650397
p_1405,40.77123,-73.88537,39,637.21258646
p_1405,40.7711,-73.88535,40,651.7474299
p_1405,40.77107,-73.88535,41,655.07891447
p_1405,40.77086,-73.88531,42,678.64255156
p_1405,40.77072,-73.88528,43,694.39443768
p_1405,40.770515589944,-73.886935114861,44,835.96122709
p_1405,40.769629928266,-73.886811733246,45,934.86357557
p_1405,40.769357727122,-73.886747360229,46,965.57606352
p_1405,40.769199281166,-73.886672258377,47,984.27901038
p_1405,40.76871,-73.88619,48,1052.17628941
p_1405,40.7686,-73.88611,49,1066.13470697
p_1405,40.7685,-73.88599,50,1081.16687901
p_1405,40.76845,-73.88593,51,1088.68296882
p_1405,40.76841,-73.88585,52,1096.76702469
p_1405,40.76827,-73.88555,53,1126.48656233
p_1405,40.76819,-73.8854,54,1141.95624947
p_1405,40.7681,-73.88524,55,1158.76022957
p_1405,40.76806,-73.8851,56,1171.38743493
p_1405,40.76804,-73.88497,57,1182.58571951
p_1405,40.76805,-73.88486,58,1191.9391152
p_1405,40.76813,-73.88461,59,1214.83987441
p_1405,40.76826,-73.88429,60,1245.47234533
p_1405,40.76839,-73.88397,61,1276.10476997
p_1405,40.76857,-73.88356,62,1316.07742297
p_1405,40.76875,-73.88315,63,1356.04999539
p_1405,40.76892,-73.8828,64,1391.11556443
p_1405,40.76909,-73.88245,65,1426.18107031
p_1405,40.76931,-73.88202,66,1469.94007773
p_1405,40.76957,-73.88159,67,1516.32558555
p_1405,40.76986,-73.88117,68,1564.22646731
p_1405,40.77004,-73.88094,69,1592.09443229
p_1405,40.7702,-73.88074,70,1616.60594639
p_1405,40.7703,-73.8806,71,1632.82402001
p_1405,40.77051,-73.88026,72,1669.80803539
p_1405,40.77054,-73.88021,73,1675.1856084
p_1405,40.77068,-73.87997,74,1700.7251319
p_1405,40.77073,-73.87987,75,1710.82996236
p_1405,40.77103,-73.87937,76,1764.60551739
p_1405,40.77131,-73.87877,77,1824.04276908
p_1405,40.77146,-73.87839,78,1860.19104411
p_1405,40.771590149846,-73.878150880337,79,1885.01913522
p_1405,40.771744527535,-73.877960443497,80,1908.52213859
p_1405,40.771896873586,-73.877807557583,81,1929.80162689
p_1405,40.772087813478,-73.877633213997,82,1955.61335257
p_1405,40.772213752255,-73.877520561218,83,1972.52620335
p_1405,40.772384378604,-73.877327442169,84,1997.52305602
p_1405,40.772542816965,-73.877158463001,85,2020.17436182
p_1405,40.772689067424,-73.877000212669,86,2041.20441187
p_1405,40.772829223812,-73.876839280128,87,2061.86451833
p_1405,40.772788598802,-73.876718580723,88,2073.00838628
p_1405,40.772725629989,-73.87661665678,89,2084.09618969
p_1405,40.772644379818,-73.876461088657,90,2100.03051359
p_1405,40.77249406674,-73.87634575367,91,2119.35507549
p_1405,40.772339690793,-73.876246511936,92,2138.43628179
p_1405,40.772195470834,-73.876013159752,93,2163.8254458
p_1405,40.772280784087,-73.875621557236,94,2198.21682343
p_1405,40.772351878381,-73.875216543674,95,2233.30932953
p_1405,40.772408753761,-73.874647915363,96,2281.72888845
p_1405,40.772404691236,-73.874197304249,97,2319.77392337
p_1405,40.77230109675,-73.8733497262,98,2392.24871328
p_1405,40.77227265902,-73.872925937176,99,2428.16581346
p_1405,40.77223,-73.87276,100,2442.95420641
p_1405,40.77217,-73.87246,101,2469.14323289
p_1405,40.77215,-73.87205,102,2503.82835247
p_1405,40.77216,-73.87175,103,2529.17995987
p_1405,40.77218,-73.8716,104,2542.03688115
p_1405,40.77218,-73.87159,105,2542.88112329
p_1405,40.77222,-73.87142,106,2557.90491482
p_1405,40.77224,-73.87134,107,2565.01465433
p_1405,40.77231,-73.8711,108,2586.71641927
p_1405,40.77251,-73.87073,109,2625.04422455
p_1405,40.77268,-73.87053,110,2650.37185807
p_1405,40.77282,-73.87042,111,2668.48118597
p_1405,40.77302,-73.87031,112,2692.55440871
p_1405,40.77309,-73.87032,113,2700.3735845
p_1405,40.77338,-73.87035,114,2732.67738444
p_1405,40.77353,-73.87042,115,2750.35203083
p_1405,40.77374327996,-73.87065410614,116,2781.19955578
p_1405,40.773873278035,-73.870882093906,117,2805.25906604
p_1405,40.773984994927,-73.871093988419,118,2827.02858797
p_1405,40.774096711632,-73.871380984783,119,2854.24887773
p_1405,40.77419827211,-73.871702849865,120,2883.66891184
p_1405,40.774253114703,-73.871920108795,121,2902.99496357
p_1405,40.774291707612,-73.872177600861,122,2925.15129483
p_1405,40.774289676407,-73.872193694115,123,2926.52850954
p_1405,40.774289676407,-73.872491419315,124,2951.66293063
p_1405,40.774249052291,-73.872799873352,125,2978.09099141
p_1405,40.774204365734,-73.873167335987,126,3009.50718516
p_1405,40.774145460681,-73.873414099216,127,3031.34222339
p_1405,40.774088586787,-73.873572349548,128,3046.11967544
p_1405,40.774019525565,-73.873714506626,129,3060.36203448
p_1405,40.77385,-73.87398,130,3089.63270956
p_1405,40.77377,-73.87403,131,3099.46848858
p_1405,40.77369,-73.87407,132,3108.97260265
p_1405,40.77364,-73.87409,133,3114.77612319
p_1405,40.77358,-73.87411,134,3121.64969968
p_1405,40.77348,-73.87413,135,3132.88227959
p_1405,40.77333,-73.87413,136,3149.53970917
p_1405,40.77324,-73.87412,137,3159.56975916
p_1405,40.77311,-73.87407,138,3174.61066478
p_1405,40.77297,-73.87399,139,3191.56122894
p_1405,40.77282,-73.87388,140,3210.63241618
p_1405,40.77271,-73.87377,141,3225.97704889
p_1405,40.7726,-73.87367,142,3240.82597492
p_1405,40.77252,-73.87354,143,3254.94607633
p_1405,40.77242,-73.87332,144,3276.58597986
p_1405,40.77233,-73.87309,145,3298.42468274
p_1405,40.77226,-73.87288,146,3317.78304372
p_1405,40.77223,-73.87276,147,3328.44765083
p_1405,40.77217,-73.87246,148,3354.63667731
p_1405,40.77215,-73.87205,149,3389.32179689
p_1405,40.77212,-73.87175,150,3414.86724613
p_1405,40.77211,-73.87162,151,3425.89844302
p_1405,40.7721,-73.8715,152,3436.09004157
p_1405,40.7721,-73.87144,153,3441.15550051
p_1405,40.7721,-73.87122,154,3459.72884995
p_1405,40.77209,-73.87096,155,3481.7072464
p_1405,40.77209,-73.87073,156,3501.12484191
p_1405,40.77208,-73.87062,157,3510.4776792
p_1405,40.772,-73.8704,158,3531.06638197
p_1405,40.77193,-73.87023,159,3547.38849383
p_1405,40.77188,-73.87016,160,3555.49742487
p_1405,40.77182,-73.87012,161,3562.96731103
p_1405,40.77178,-73.8701,162,3567.71938403
p_1405,40.77171,-73.87013,163,3575.89505179
p_1405,40.77166,-73.87018,164,3582.86992538
p_1405,40.77163,-73.87027,165,3591.16643346
p_1405,40.77163,-73.87038,166,3600.45317362
p_1405,40.77169,-73.87077,167,3634.04628165
p_1405,40.77171,-73.87086,168,3641.96246482
p_1405,40.77183,-73.87143,169,3691.89559
p_1405,40.77193,-73.872,170,3741.28231489
p_1405,40.77202,-73.87261,171,3793.74209787
p_1405,40.77206,-73.87297,172,3824.45776689
p_1405,40.77215,-73.87377,173,3892.73269716
p_1405,40.772189377026,-73.874229490757,174,3931.77053066
p_1405,40.772191408296,-73.874918818474,175,3989.96690972
p_1405,40.772177189409,-73.875331878662,176,4024.87491923
p_1405,40.772132501458,-73.875795900822,177,4064.36271383
p_1405,40.772053281836,-73.876171410084,178,4097.26281464
p_1405,40.771884685915,-73.876906335354,179,4162.07175507
p_1405,40.771815622402,-73.877155780792,180,4184.48417394
p_1405,40.771703901862,-73.877410590649,181,4209.31759324
p_1405,40.771837966488,-73.877582252026,182,4230.0944659
p_1405,40.771990312325,-73.877729773521,183,4251.10230507
p_1405,40.771762809079,-73.877944350243,184,4282.19007019
p_1405,40.771567805677,-73.878185749054,185,4311.92703789
p_1405,40.771275299501,-73.878845572472,186,4376.41152562
p_1405,40.770946228513,-73.879489302635,187,4441.90221334
p_1405,40.770588717445,-73.880133032799,188,4509.20645049
p_1405,40.770214953817,-73.880717754364,189,4573.70271833
p_1405,40.769950880421,-73.881050348282,190,4614.30378523
p_1405,40.769743683638,-73.881340026855,191,4647.88280356
p_1405,40.769544611609,-73.881640434265,192,4681.52764121
p_1405,40.769191155722,-73.882241249084,193,4745.66592575
p_1405,40.768874262639,-73.882890343666,194,4810.79379375
p_1405,40.768579713226,-73.883520662785,195,4873.25945143
p_1405,40.768297350838,-73.884172439575,196,4936.59492627
p_1405,40.768128745387,-73.8845962286,197,4976.97799749
p_1405,40.768051552387,-73.884832262993,198,4998.67172983
p_1405,40.768045458199,-73.884971737862,199,5010.46694601
p_1405,40.768057646575,-73.885105848312,200,5021.87042722
p_1405,40.768100305871,-73.885231912136,201,5033.52057218
p_1405,40.768197812732,-73.885419666767,202,5052.71778794
p_1405,40.76841923403,-73.885862231255,203,5097.44778182
p_1405,40.768488301073,-73.88598293066,204,5110.20213108
p_1405,40.768573619086,-73.886076807976,205,5122.55475008
p_1405,40.76871,-73.88619,206,5140.46288781
p_1405,40.76884,-73.88631,207,5158.09967222
p_1405,40.76914,-73.88662,208,5200.46583093
p_1405,40.7692,-73.88667,209,5208.3535021
p_1405,40.76929,-73.88672,210,5219.20289053
p_1405,40.76939,-73.88676,211,5230.80998732
p_1405,40.7695,-73.88679,212,5243.28525094
p_1405,40.76951,-73.88679,213,5244.39574549
p_1405,40.76972,-73.88682,214,5267.85327311
p_1405,40.77021,-73.8869,215,5322.68508807
p_1405,40.77052,-73.88696,216,5357.48112214
p_1405,40.77059,-73.887,217,5365.95645127
p_1405,40.7709,-73.88713,218,5402.08902643
p_1405,40.77117,-73.88724,219,5433.47767106
p_1405,40.77162,-73.88743,220,5485.96133352
p_1405,40.77167,-73.88745,221,5491.76486707
p_1405,40.77175,-73.88749,222,5501.26901457
p_1405,40.77193,-73.88756,223,5522.11323143
p_1405,40.77195,-73.88756,224,5524.33422147
p_1405,40.77202,-73.88759,225,5532.50988672
p_1405,40.7721,-73.8876,226,5541.43387121
p_1405,40.77223,-73.8876,227,5555.87030707
p_1405,40.77232,-73.88761,228,5565.90035638
p_1405,40.77259,-73.88762,229,5595.89560789
p_1405,40.77281,-73.88765,230,5620.45743135
p_1405,40.77315,-73.88771,231,5658.55253579
p_1405,40.77331,-73.88772,232,5676.34050526
p_1405,40.77346,-73.88768,233,5693.33678318
p_1405,40.77359,-73.88757,234,5710.50213844
p_1405,40.77367,-73.88746,235,5723.35372066
p_1405,40.77371,-73.88732,236,5735.979997
p_1405,40.77374,-73.88704,237,5759.85183886
p_1405,40.77382,-73.88619,238,5832.15853913
p_1405,40.77382808342,-73.886036574841,239,5845.14208688
p_1405,40.773793044878,-73.885972872376,240,5851.77999226
p_1405,40.773777302918,-73.885927945375,241,5855.95630467
p_1405,40.773776795113,-73.88588771224,242,5859.35334225
p_1405,40.773781873165,-73.88584882021,243,5862.68476687
p_1405,40.773792029268,-73.885787129402,244,5868.01355858
p_1405,40.773815388298,-73.88571202755,245,5874.86394459
p_1405,40.773846872196,-73.88567045331,246,5879.81798493999
p_1405,40.773879371688,-73.88560205698,247,5886.62725802999
p_1405,40.773896637037,-73.885477334261,248,5897.32974567999
p_1405,40.77406,-73.88389,249,6032.55797316999
p_1405,40.77408,-73.88382,250,6038.87107986999
p_1405,40.7741,-73.88376,251,6044.40191558
p_1405,40.77416,-73.88372,252,6051.87175191
p_1405,40.774228740223,-73.883676230907,253,6060.35260478
p_1405,40.774307957251,-73.88366818428,254,6069.17580914
p_1405,40.774372955768,-73.88369768858,255,6076.81154094
p_1405,40.774419673413,-73.883735239506,256,6082.8913942
p_1405,40.774466391025,-73.883794248104,257,6090.08383641
p_1405,40.774539514178,-73.883898854256,258,6102.08072992
p_1405,40.774596387685,-73.883973956108,259,6111.02986551
p_1405,40.774659354726,-73.884041011333,260,6120.02653434
p_1405,40.774728415283,-73.884081244469,261,6128.41415258
p_1405,40.774795444578,-73.884102702141,262,6136.07497729
p_1405,40.77490715992,-73.884121477604,263,6148.58176285
p_1405,40.77497622022,-73.884134888649,264,6156.33399791
p_1405,40.775051373993,-73.884169757366,265,6165.18370301
p_1405,40.7751346524,-73.884175121784,266,6174.44281531
p_1405,40.775219961879,-73.88418585062,267,6183.95959416
p_1405,40.775270741278,-73.884218037128,268,6190.21913206
p_1405,40.775246367171,-73.884416520596,269,6207.19238157
p_1405,40.775217930702,-73.884494304657,270,6214.47878979
p_1405,40.775163088905,-73.884531855583,271,6221.34459846
p_1405,40.775081841715,-73.884531855583,272,6230.36706346
p_1405,40.774799760856,-73.884477205575,273,6262.029945
p_176600,40.774206,-73.87222,1,0
p_176600,40.774206,-73.872532,2,26.33955479
p_176600,40.774174,-73.872834,3,52.0813604
p_176600,40.774069,-73.873281,4,91.57826736
p_176600,40.774058,-73.873328,5,95.72987133
p_176600,40.773951,-73.873645,6,125.01092345
p_176600,40.773797,-73.873936,7,154.94409038
p_176600,40.77375,-73.874139,8,172.85895452
p_176600,40.77374,-73.874258,9,182.96639012
p_176600,40.773761,-73.874395,10,194.7649995
p_176600,40.773817,-73.874625,11,215.15364729
p_176600,40.773832,-73.874722,12,223.51029441
p_176600,40.773836,-73.874867,13,235.75955861
p_176600,40.77381,-73.875001,14,247.43477093
p_176600,40.773693,-73.875284,15,274.63065346
p_176600,40.773486,-73.875668,16,314.37174524
p_176600,40.773245,-73.876071,17,357.65887184
p_176600,40.773179,-73.876161,18,368.21579956
p_176600,40.77307,-73.87628,19,383.94619654
p_176600,40.772953,-73.876372,20,399.08349869
p_176600,40.772926,-73.876382,21,402.19842306
p_176600,40.772931,-73.876475,22,410.06939593
p_176600,40.772925,-73.876582,23,419.12722533
p_176600,40.772913,-73.876691,24,428.42535097
p_176600,40.772886,-73.876791,25,437.38431113
p_176600,40.77213,-73.8776,26,545.61051935
p_176600,40.771962,-73.877754,27,568.35020688
p_176600,40.771825,-73.87788,28,586.91402894
p_176600,40.771689,-73.878026,29,606.40821055
p_176600,40.771614,-73.878129,30,618.44913002
p_176600,40.771565,-73.878197,31,626.35906125
p_176600,40.771461,-73.878387,32,646.12491117
p_176600,40.771312,-73.878773,33,682.67308495
p_176600,40.771367,-73.878809,34,689.49523075
p_176600,40.771587,-73.878964,35,717.2100077
p_176600,40.771698,-73.878842,36,733.273292
p_176600,40.771721,-73.878817,37,736.58664997
p_178292,40.734633750439,-74.163635931213,1,0
p_178292,40.735387218267,-74.162445931213,2,130.78753318
p_178292,40.736304229471,-74.160896285706,3,296.63224191
p_178292,40.737687782028,-74.158628197067,4,542.21259912
p_178292,40.738212806456,-74.157656055572,5,642.92036353
p_178292,40.738611314772,-74.156968765884,6,715.91753934
p_178292,40.739045400997,-74.156233552254,7,794.53189989
p_178292,40.739198677226,-74.155983865082,8,821.63377058
p_178292,40.739323192761,-74.155768195106,9,844.50393736
p_178292,40.739437,-74.155677,10,859.30452128
p_178292,40.740376686292,-74.153980978821,11,1036.53603865
p_178292,40.741074730908,-74.152585585953,12,1177.60337087
p_178292,40.741328125086,-74.151382125626,13,1283.07470317
p_178292,40.74149657288,-74.149868173233,14,1412.30884325
p_178292,40.74184749662,-74.145449371628,15,1787.56224409
p_178292,40.742062148767,-74.142615997345,16,2028.06021394
p_178292,40.742429254421,-74.137514243347,17,2460.88914267
p_178292,40.742898460125,-74.131597359741,18,2963.34730829
p_178292,40.743241236945,-74.127573661316,19,3305.31822197
p_178292,40.743291662678,-74.123922386169,20,3613.75867911
p_178292,40.743194052127,-74.118688581909,21,4055.94301084
p_178292,40.743063348083,-74.116422714294,22,4247.87001891
p_178292,40.7426420565,-74.112677744705,23,4567.61624736
p_178292,40.742159350916,-74.107667568756,24,4994.16677104
p_178292,40.741799980181,-74.10422740741,25,5287.45892314
p_178292,40.741675202001,-74.101929928558,26,5482.00436001
p_178292,40.741434106916,-74.095364457611,27,6037.1894452
p_178292,40.741326742862,-74.092674640198,28,6264.6926219
p_178292,40.741291461458,-74.091290333313,29,6381.6813418
p_178292,40.741233085388,-74.0890264841,30,6573.00345478
p_178292,40.741159604082,-74.087441313461,31,6707.14081723
p_178292,40.741073699447,-74.08656759259,32,6781.55238354
p_178292,40.74088501121,-74.085616322754,33,6864.58742095
p_178292,40.740673718874,-74.084841373016,34,6934.12120466
p_178292,40.740516423075,-74.084232626984,35,6988.42448634
p_178292,40.740235931426,-74.083296388886,36,7073.41671573
p_178292,40.739613613203,-74.081073017197,37,7273.52581142
p_178292,40.739452257009,-74.08050435582,38,7324.79149107
p_178292,40.739301836544,-74.079991846558,39,7371.19194454
p_178292,40.739014349895,-74.078902226845,40,7468.60755568
p_178292,40.738633446191,-74.077420203705,41,7600.74206659
p_178292,40.738466866106,-74.07668987368,42,7665.14455741
p_178292,40.738292088075,-74.07595494841,43,7730.18492452
p_178292,40.738156572881,-74.075391525131,44,7780.09833361
p_178292,40.737988538316,-74.074786050262,45,7834.53903921
p_178292,40.737739213697,-74.073946694443,46,7910.65188184
p_178292,40.737546695428,-74.07326194841,47,7972.31561956
p_178292,40.737279443383,-74.072335796295,48,8055.9862944
p_178292,40.736958377626,-74.071162694443,49,8161.29575466
p_178292,40.736574670398,-74.06988435582,50,8277.37898149
p_178292,40.736059669265,-74.068316661377,51,8421.62338175
p_178292,40.735634150223,-74.067195339951,52,8527.4743378
p_178292,40.735090836377,-74.066285189163,53,8625.20328387
p_178292,40.734650354034,-74.065668408737,54,8696.667424
p_178292,40.734142515297,-74.065079223556,55,8771.88311887
p_178292,40.733891594655,-74.064779969589,56,8809.50546077
p_178292,40.733506901105,-74.064361002655,57,8864.98089952
p_178292,40.733362909491,-74.064188248024,58,8886.62905865
p_178292,40.733162226015,-74.063916781754,59,8918.60581229
p_178292,40.733045900388,-74.063763400139,60,8936.90188243
p_178292,40.732988753574,-74.063505263893,61,8959.61230015
p_178292,40.73295215584,-74.063285034393,62,8978.65467774
p_178292,40.732905409049,-74.063153606152,63,8990.91062708
p_178293,40.732868116783,-74.063189407409,1,0
p_178293,40.733086298625,-74.06375710318,2,53.72856579
p_178293,40.733322064077,-74.064143341278,3,95.56136506
p_178293,40.73417883171,-74.065110509262,4,220.96863703
p_178293,40.735111160405,-74.066226180565,5,360.97206813
p_178293,40.735597567255,-74.06711487368,6,453.45399861
p_178293,40.736104381468,-74.068257652779,7,565.19365416
p_178293,40.736700676463,-74.070002373016,8,726.76214183
p_178293,40.737100641701,-74.071548932541,9,864.74237444
p_178293,40.737393254118,-74.072587923943,10,958.32676637
p_178293,40.737809327209,-74.07402179895,11,1087.95723234
p_178293,40.738308146789,-74.075843579376,12,1251.50476253
p_178293,40.738662805642,-74.077392514572,13,1388.13779621
p_178293,40.739392035271,-74.0802772864,14,1644.90755314
p_178293,40.739536712222,-74.08087736113,15,1698.07860867
p_178293,40.739759658551,-74.081621842606,16,1765.65978804
p_178293,40.740535374845,-74.084286785736,17,2006.67371328
p_178293,40.74096054812,-74.08604236113,18,2162.29207902
p_178293,40.741163617572,-74.087229666687,19,2265.08035551
p_178293,40.741246142365,-74.088572310867,20,2378.85434302
p_178293,40.741308404004,-74.089999374344,21,2499.58699709
p_178293,40.74139357879,-74.092416731491,22,2703.9837413
p_178293,40.74144227644,-74.095908161346,23,2998.93044573
p_178293,40.741680660317,-74.103528751343,24,3643.13215641
p_178293,40.74211291193,-74.108214904785,25,4041.83658114
p_178293,40.742624891832,-74.112539589996,26,4411.50613915
p_178293,40.74309802004,-74.117642653412,27,4845.70810764
p_178293,40.743176565871,-74.121987253967,28,5212.76091001
p_178293,40.743303920181,-74.126289481506,29,5576.40574851
p_178293,40.742684482783,-74.134419333313,30,6266.49925267
p_178293,40.742189836773,-74.14127820636,31,6848.41072894
p_178293,40.741794079169,-74.146624015808,32,7302.06450022
p_178293,40.741538244471,-74.149229936462,33,7523.99388728
p_178293,40.741326894692,-74.15133278833,34,7703.1513017
p_178293,40.740832630878,-74.153033757919,35,7856.94886239
p_178293,40.740285323582,-74.154069539673,36,7963.47509349
p_178293,40.739891471501,-74.154748541,37,8035.60089439
p_178293,40.73958680951,-74.155316525131,38,8094.30543631
p_178293,40.739306934569,-74.155827203705,39,8147.47087415
p_178293,40.739380096405,-74.155762830688,40,8157.24699537
p_178293,40.738877576581,-74.156573951065,41,8245.61003071
p_178293,40.737598400232,-74.158985498703,42,8493.94609894
p_178293,40.737221210054,-74.159736805588,43,8569.98457151
p_178293,40.736566616787,-74.160971265915,44,8697.09497152
p_178293,40.73590366022,-74.162094709045,45,8817.20077944
p_178293,40.735625221034,-74.162546313522,46,8866.30549641
p_178293,40.735266195273,-74.163075271858,47,8926.18873103
p_178293,40.734937036291,-74.163545989441,48,8980.19910625
p_178293,40.73471097777,-74.163874887589,49,9017.64313063
p_178517,40.73301,-74.06289,1,0
p_178517,40.7327586527011,-74.0633990714521,2,51.26743361
p_178517,40.72658881793,-74.056463791513,3,952.75896152
p_178517,40.7255151028918,-74.0562716631741,4,1073.09326266
p_178517,40.7247472143148,-74.0558630952416,5,1165.08741049
p_178517,40.7240660154229,-74.0552747574153,6,1255.60250268
p_178517,40.7231123252623,-74.0540163681807,7,1405.66626113
p_178517,40.7226540536953,-74.0530684905668,8,1500.5509766
p_178517,40.721968757483,-74.050804744428,9,1706.3929853
p_178517,40.7194983170973,-74.0426570180573,10,2447.43977937
p_178517,40.71966,-74.04245,11,2472.50585604
p_178517,40.7192912947193,-74.0421874885865,12,2519.07160667
p_178517,40.7175202092649,-74.0363997489497,13,3046.15912305
p_178517,40.7174794164882,-74.0360230023564,14,3078.31242465
p_178517,40.7175915965779,-74.0357000767033,15,3108.30679658
p_178517,40.7178057580481,-74.0355520691103,16,3135.17663997
p_178517,40.72699,-74.03383,17,4165.39868324
p_178517,40.7290707629666,-74.0334268772397,18,4398.960802
p_178517,40.7297738227078,-74.0332508050502,19,4478.4389212
p_178517,40.7304309837237,-74.0330680904492,20,4553.03028367
p_178517,40.73086204892,-74.0328852462503,21,4603.32983568
p_178517,40.7312879796433,-74.0325466458839,22,4658.60525002
p_178517,40.7317006171972,-74.0321325120132,23,4716.25620875
p_178517,40.7319879888246,-74.0317126475585,24,4763.96765259
p_178517,40.7321778586735,-74.0312724670754,25,4806.71382727
p_178517,40.7322497011837,-74.0307984265638,26,4847.54528851
p_178517,40.7322656670057,-74.0298401817473,27,4928.51217012
p_178517,40.7324298781138,-74.0295896174726,28,4956.45039167
p_178517,40.7330507977276,-74.0294812653527,29,5026.0075786
p_178517,40.73586,-74.02922,30,5338.74574547
p_178517,40.734256772831,-74.0293761988637,31,5517.2704294
p_178517,40.7333742237311,-74.0294409043027,32,5615.42871643
p_178517,40.7328103667846,-74.0295056097416,33,5678.2824418
p_178517,40.7324426314214,-74.0295864915457,34,5719.68661936
p_178517,40.7322710208935,-74.0298453133087,35,5748.69011715
p_178517,40.7322587629833,-74.0302173695989,36,5780.14893046
p_178517,40.7322587629833,-74.0307997185712,37,5829.34269885
p_178517,40.7321844547345,-74.0312541623233,38,5868.60859456
p_178517,40.7319883276117,-74.0317232767756,39,5913.82767577
p_178517,40.7316941358492,-74.0321276857816,40,5961.0969484
p_178517,40.7312528457664,-74.032580623876,41,6023.26978707
p_178517,40.7308483273048,-74.0328717983339,42,6074.48450751
p_178517,40.7304192898694,-74.033065914658,43,6124.87161502
p_178517,40.7293528133938,-74.033373265502,44,6246.11518414
p_178517,40.7282849379993,-74.033583922652,45,6366.02921596
p_178517,40.72699,-74.03383,46,6511.32523227
p_178517,40.7175213715462,-74.0355849736917,47,7573.20546613
p_178517,40.7174069931982,-74.0355428166271,48,7586.39701209
p_178517,40.7173348167426,-74.0353821539302,49,7602.16156544
p_178517,40.7173029110074,-74.0352061182769,50,7617.45162753
p_178517,40.7172158953055,-74.0347354142634,51,7658.38018115
p_178517,40.7170998741572,-74.0340427522069,52,7718.30721818
p_178517,40.7169362178741,-74.0327706660136,53,7827.31648407
p_178517,40.7168869087167,-74.0323535380624,54,7862.98416886
p_178517,40.71676,-74.03238,55,7877.25344465
p_178517,40.7149350128964,-74.0173669144474,56,9161.87790528
p_178517,40.7148344167261,-74.0169994651591,57,9194.874663
p_178517,40.7141556537268,-74.0152998390768,58,9357.06696838
p_178517,40.71271,-74.01193,59,9683.95046928
p_178519,40.71271,-74.01193,1,0
p_178519,40.7126765142352,-74.0120508062551,2,10.86425783
p_178519,40.7143123757523,-74.0157465895691,3,372.14536771
p_178519,40.7149326174795,-74.0173585721882,4,524.77749786
p_178519,40.7168822457207,-74.0323671398266,5,1811.28070578
p_178519,40.7168857231406,-74.0323837127229,6,1812.73328891
p_178519,40.7173288371993,-74.0352750298008,7,2061.93832513
p_178519,40.7174870379608,-74.0354837555098,8,2086.83129897
p_178519,40.7176155758105,-74.035542459616,9,2101.94247688
p_178519,40.72699,-74.03383,10,3152.96448687
p_178519,40.7290228747366,-74.033536053743,11,3380.07419525
p_178519,40.7307489703745,-74.032994191812,12,3577.14486832
p_178519,40.7314189233792,-74.0325014152685,13,3662.39659907
p_178519,40.7318143023192,-74.032066612434,14,3719.64057944
p_178519,40.7320860675801,-74.031365565389,15,3786.1079669
p_178519,40.7322186103561,-74.0301436577858,16,3890.37256326
p_178519,40.7324492455847,-74.0299117629364,17,3922.61693905
p_178519,40.7327897056548,-74.0297813220861,18,3961.99758692
p_178519,40.73586,-74.02922,19,4306.23128952
p_178519,40.7327230764909,-74.0297761152865,20,4657.7359783
p_178519,40.7324375291734,-74.0298920627113,21,4690.92388261
p_178519,40.7322398418488,-74.0300949707029,22,4718.77581947
p_178519,40.7320531366173,-74.0314283660575,23,4833.30651687
p_178519,40.7318334827225,-74.0320225966001,24,4889.11684287
p_178519,40.7315040005307,-74.0324139191512,25,4938.42708084
p_178519,40.7311525510644,-74.0326748008519,26,4983.24748656
p_178519,40.7307352024414,-74.0329646693768,27,5035.66475068
p_178519,40.7290338579154,-74.0335215603108,28,5230.36593755
p_178519,40.72699,-74.03383,29,5458.82444952
p_178519,40.7177198112537,-74.0355320545759,30,6498.26069354
p_178519,40.7175362625768,-74.0357215788022,31,6524.18155389
p_178519,40.7174709683811,-74.0361949603523,32,6564.83106827
p_178519,40.7186817660157,-74.040132175932,33,6923.64199614
p_178519,40.7192905948899,-74.0417990795137,34,7079.86851885
p_178519,40.71966,-74.04245,35,7148.47936451
p_178519,40.7194413658267,-74.0426620969576,36,7178.65559039
p_178519,40.7218952606353,-74.0503944930617,37,7886.5149558
p_178519,40.7220212580733,-74.0512257375318,38,7958.12515499
p_178519,40.7226542468103,-74.0532294112789,39,8141.42386692
p_178519,40.7243218548436,-74.0550541306046,40,8382.3800088
p_178519,40.7268841955206,-74.0567715134971,41,8701.78034487
p_178519,40.7311232968853,-74.0615578350617,42,9322.34099517
p_178519,40.7325517498383,-74.0632995951905,43,9538.70111163
p_178519,40.73301,-74.06289,44,9600.23785749
p_4493,40.735858,-74.02922,1,0
p_4493,40.735777899042,-74.029304932541,2,11.42773998
p_4493,40.735651891229,-74.029374669975,3,26.61014437
p_4493,40.735235392038,-74.029386233799,4,72.87219235
p_4493,40.734424601248,-74.029397797623,5,162.91482375
p_4493,40.733377953681,-74.029438847191,6,279.19546062
p_4493,40.732729655997,-74.029501354431,7,351.38148522
p_4493,40.732545764811,-74.02922426712,8,382.44413294
p_4493,40.73241824879,-74.02898521553,9,407.10801533
p_4493,40.732324414817,-74.028616417908,10,439.95847436
p_4493,40.732329708431,-74.028208433777,11,474.4277988
p_4493,40.732364726031,-74.027006515778,12,576.03379552
p_4493,40.732394808775,-74.02490546286,13,753.55077446
p_4493,40.732414850006,-74.022607306763,14,947.69920703
p_4493,40.732446967753,-74.021160915344,15,1069.9344528
p_4493,40.732494261795,-74.015701161407,16,1531.17409571
p_4493,40.732518828125,-74.013093732819,17,1751.45198118
p_4493,40.732507875122,-74.011486753998,18,1887.20600431
p_4493,40.732681448352,-74.010048835998,19,2010.19295067
p_4493,40.732759415183,-74.009475870392,20,2059.36202829
p_4493,40.732876210049,-74.00870477581,21,2125.77819455
p_4493,40.733083454509,-74.007113420971,22,2262.16181132
p_4493,40.732933,-74.007072,23,2279.23204829
p_4493,40.733063376705,-74.006347192451,24,2342.14780358
p_4493,40.733220598109,-74.005356156731,25,2427.66537052
p_4493,40.733402014426,-74.004219544289,26,2525.7696897
p_4493,40.73357840425,-74.003059255928,27,2625.72106899
p_4493,40.733764107205,-74.001874426567,28,2727.90952692
p_4493,40.733902421332,-74.00081586837,29,2818.63840587
p_4493,40.734010497257,-74.000053322754,30,2884.16114234
p_4493,40.734069,-73.999656,31,2918.34696458
p_4493,40.734150259457,-73.999223186508,32,2956.00489118
p_4493,40.734249,-73.999107,33,2970.72075797
p_4493,40.734783,-73.99871,34,3038.84648165
p_4493,40.735031,-73.998542,35,3069.82787874
p_4493,40.735389,-73.998275,36,3115.53530789
p_4493,40.73603,-73.997802,37,3197.16421101
p_4493,40.736667,-73.997337,38,3278.07568245
p_4493,40.737354,-73.996849,39,3364.79013337
p_4493,40.737361,-73.996841,40,3365.8201301
p_4493,40.738044,-73.996337,41,3452.79729646
p_4493,40.738685,-73.995872,42,3534.09684739
p_4493,40.739273,-73.995445,43,3608.69240657
p_4493,40.73986,-73.995018,44,3683.19063141
p_4493,40.74044,-73.99459,45,3757.05080014
p_4493,40.741031,-73.994163,46,3831.93771089
p_4493,40.741615,-73.993736,47,3906.14416504
p_4493,40.742233,-73.993293,48,3984.3097455
p_4493,40.7429,-73.992805,49,4069.07517231
p_4493,40.742912,-73.992797,50,4070.56927604
p_4493,40.743568,-73.992317,51,4153.93855129
p_4493,40.744186,-73.991874,52,4232.10362832
p_4493,40.7448,-73.991416,53,4310.49616872
p_4493,40.745422,-73.990966,54,4389.33451907
p_4493,40.746036,-73.990516,55,4467.39553459
p_4493,40.746658,-73.990066,56,4546.23355874
p_4493,40.747276,-73.989616,57,4624.68253644
p_4493,40.747894,-73.989158,58,4703.46088584
p_4493,40.748504,-73.988708,59,4781.13354718
p_4493,40.749037136642,-73.988332652779,60,4848.29016022
p_4493,40.749114,-73.988273,61,4858.20160798
p_4494,40.73586,-74.02922,1,0
p_4494,40.7327230764909,-74.0297761152865,2,351.50468878
p_4494,40.7324375291734,-74.0298920627113,3,384.69259309
p_4494,40.7322398418488,-74.0300949707029,4,412.54452995
p_4494,40.7320531366173,-74.0314283660575,5,527.07522735
p_4494,40.7318334827225,-74.0320225966001,6,582.88555335
p_4494,40.7315040005307,-74.0324139191512,7,632.19579132
p_4494,40.7311525510644,-74.0326748008519,8,677.01619704
p_4494,40.7307352024414,-74.0329646693768,9,729.43346116
p_4494,40.7290338579154,-74.0335215603108,10,924.13464803
p_4494,40.72699,-74.03383,11,1152.59316
p_4494,40.7177198112537,-74.0355320545759,12,2192.02940402
p_4494,40.7175362625768,-74.0357215788022,13,2217.95026437
p_4494,40.7174709683811,-74.0361949603523,14,2258.59977875
p_4494,40.7186817660157,-74.040132175932,15,2617.41070662
p_4494,40.7192905948899,-74.0417990795137,16,2773.63722933
p_4494,40.71966,-74.04245,17,2842.24807499
p_4494,40.7194413658267,-74.0426620969576,18,2872.42430087
p_4494,40.7218952606353,-74.0503944930617,19,3580.28366628
p_4494,40.7220212580733,-74.0512257375318,20,3651.89386547
p_4494,40.7226542468103,-74.0532294112789,21,3835.1925774
p_4494,40.7243218548436,-74.0550541306046,22,4076.14871928
p_4494,40.7268841955206,-74.0567715134971,23,4395.54905535
p_4494,40.7311232968853,-74.0615578350617,24,5016.10970565
p_4494,40.7325517498383,-74.0632995951905,25,5232.46982211
p_4494,40.73301,-74.06289,26,5294.00656797
p_4495,40.73586,-74.02922,1,0
p_4495,40.7327230764909,-74.0297761152865,2,351.50468878
p_4495,40.7324375291734,-74.0298920627113,3,384.69259309
p_4495,40.7322398418488,-74.0300949707029,4,412.54452995
p_4495,40.7320531366173,-74.0314283660575,5,527.07522735
p_4495,40.7318334827225,-74.0320225966001,6,582.88555335
p_4495,40.7315040005307,-74.0324139191512,7,632.19579132
p_4495,40.7311525510644,-74.0326748008519,8,677.01619704
p_4495,40.7307352024414,-74.0329646693768,9,729.43346116
p_4495,40.7290338579154,-74.0335215603108,10,924.13464803
p_4495,40.72699,-74.03383,11,1152.59316
p_4495,40.7175213715462,-74.0355849736917,12,2214.47339386
p_4495,40.7174069931982,-74.0355428166271,13,2227.66493982
p_4495,40.7173348167426,-74.0353821539302,14,2243.42949317
p_4495,40.7173029110074,-74.0352061182769,15,2258.71955526
p_4495,40.7172158953055,-74.0347354142634,16,2299.64810888
p_4495,40.7170998741572,-74.0340427522069,17,2359.57514591
p_4495,40.7169362178741,-74.0327706660136,18,2468.5844118
p_4495,40.7168869087167,-74.0323535380624,19,2504.25209659
p_4495,40.71676,-74.03238,20,2518.52137238
p_4495,40.7149350128964,-74.0173669144474,21,3803.14583301
p_4495,40.7148344167261,-74.0169994651591,22,3836.14259073
p_4495,40.7141556537268,-74.0152998390768,23,3998.33489611
p_4495,40.71271,-74.01193,24,4325.21839701
p_4496,40.734633750439,-74.163635931213,1,0
p_4496,40.735387218267,-74.162445931213,2,130.78753318
p_4496,40.736304229471,-74.160896285706,3,296.63224191
p_4496,40.737687782028,-74.158628197067,4,542.21259912
p_4496,40.738212806456,-74.157656055572,5,642.92036353
p_4496,40.738611314772,-74.156968765884,6,715.91753934
p_4496,40.739045400997,-74.156233552254,7,794.53189989
p_4496,40.739198677226,-74.155983865082,8,821.63377058
p_4496,40.739323192761,-74.155768195106,9,844.50393736
p_4496,40.739437,-74.155677,10,859.30452128
p_4496,40.740376686292,-74.153980978821,11,1036.53603865
p_4496,40.741074730908,-74.152585585953,12,1177.60337087
p_4496,40.741328125086,-74.151382125626,13,1283.07470317
p_4496,40.74149657288,-74.149868173233,14,1412.30884325
p_4496,40.74184749662,-74.145449371628,15,1787.56224409
p_4496,40.742062148767,-74.142615997345,16,2028.06021394
p_4496,40.742429254421,-74.137514243347,17,2460.88914267
p_4496,40.742898460125,-74.131597359741,18,2963.34730829
p_4496,40.743241236945,-74.127573661316,19,3305.31822197
p_4496,40.743291662678,-74.123922386169,20,3613.75867911
p_4496,40.743194052127,-74.118688581909,21,4055.94301084
p_4496,40.743063348083,-74.116422714294,22,4247.87001891
p_4496,40.7426420565,-74.112677744705,23,4567.61624736
p_4496,40.742159350916,-74.107667568756,24,4994.16677104
p_4496,40.741799980181,-74.10422740741,25,5287.45892314
p_4496,40.741675202001,-74.101929928558,26,5482.00436001
p_4496,40.741434106916,-74.095364457611,27,6037.1894452
p_4496,40.741326742862,-74.092674640198,28,6264.6926219
p_4496,40.741291461458,-74.091290333313,29,6381.6813418
p_4496,40.741233085388,-74.0890264841,30,6573.00345478
p_4496,40.741159604082,-74.087441313461,31,6707.14081723
p_4496,40.741073699447,-74.08656759259,32,6781.55238354
p_4496,40.74088501121,-74.085616322754,33,6864.58742095
p_4496,40.740673718874,-74.084841373016,34,6934.12120466
p_4496,40.740516423075,-74.084232626984,35,6988.42448634
p_4496,40.740235931426,-74.083296388886,36,7073.41671573
p_4496,40.739613613203,-74.081073017197,37,7273.52581142
p_4496,40.739452257009,-74.08050435582,38,7324.79149107
p_4496,40.739301836544,-74.079991846558,39,7371.19194454
p_4496,40.739014349895,-74.078902226845,40,7468.60755568
p_4496,40.738633446191,-74.077420203705,41,7600.74206659
p_4496,40.738466866106,-74.07668987368,42,7665.14455741
p_4496,40.738292088075,-74.07595494841,43,7730.18492452
p_4496,40.738156572881,-74.075391525131,44,7780.09833361
p_4496,40.737988538316,-74.074786050262,45,7834.53903921
p_4496,40.737739213697,-74.073946694443,46,7910.65188184
p_4496,40.737546695428,-74.07326194841,47,7972.31561956
p_4496,40.737279443383,-74.072335796295,48,8055.9862944
p_4496,40.736958377626,-74.071162694443,49,8161.29575466
p_4496,40.736574670398,-74.06988435582,50,8277.37898149
p_4496,40.736059669265,-74.068316661377,51,8421.62338175
p_4496,40.735634150223,-74.067195339951,52,8527.4743378
p_4496,40.735090836377,-74.066285189163,53,8625.20328387
p_4496,40.734650354034,-74.065668408737,54,8696.667424
p_4496,40.734142515297,-74.065079223556,55,8771.88311887
p_4496,40.733891594655,-74.064779969589,56,8809.50546077
p_4496,40.733506901105,-74.064361002655,57,8864.98089952
p_4496,40.733362909491,-74.064188248024,58,8886.62905865
p_4496,40.733162226015,-74.063916781754,59,8918.60581229
p_4496,40.733045900388,-74.063763400139,60,8936.90188243
p_4496,40.732988753574,-74.063505263893,61,8959.61230015
p_4496,40.73295215584,-74.063285034393,62,8978.65467774
p_4496,40.732905409049,-74.063153606152,63,8990.91062708
p_4496,40.732835597238,-74.063044568123,64,9002.94979889
p_4496,40.732434595194,-74.062877111778,65,9049.67336857
p_4496,40.732159436532,-74.062702560852,66,9083.60107721
p_4496,40.731847691706,-74.062352619713,67,9129.12399538
p_4496,40.73132879792,-74.06172774736,68,9207.26976205
p_4496,40.730882915789,-74.061252308212,69,9271.02545721
p_4496,40.730121329155,-74.060447578049,70,9379.53381447
p_4496,40.729536120052,-74.059834238098,71,9462.64772198
p_4496,40.728644136489,-74.058749917999,72,9597.56450388
p_4496,40.727484054322,-74.05756020636,73,9760.9586825
p_4496,40.726803648506,-74.056832476196,74,9858.36896277
p_4496,40.726588151454,-74.05664790213,75,9886.93156383
p_4496,40.726247923226,-74.056498342606,76,9926.77018882
p_4496,40.725976914299,-74.056408173294,77,9957.81449342
p_4496,40.725700256842,-74.056388259277,78,9988.58295044
p_4496,40.725263805463,-74.056200343933,79,10039.58411605
p_4496,40.72477987613,-74.05587636113,80,10099.89283675
p_4496,40.724327219938,-74.055515243408,81,10158.69371683
p_4496,40.723965387034,-74.055106616424,82,10211.66863454
p_4496,40.723575068922,-74.054594683884,83,10272.90066973
p_4496,40.723110383968,-74.053993513245,84,10345.3058013
p_4496,40.722766177983,-74.053387818802,85,10409.17847782
p_4496,40.722485599303,-74.052623919327,86,10480.84548093
p_4496,40.722133042706,-74.051483579376,87,10584.84070748
p_4496,40.721960921226,-74.050522866409,88,10668.22921308
p_4496,40.721699522389,-74.049597424606,89,10751.63236952
p_4496,40.721416253986,-74.048697101852,90,10833.94674586
p_4496,40.721139575941,-74.047801661377,91,10915.60219863
p_4496,40.720880620905,-74.046948813492,92,10993.18466726
p_4496,40.720620372745,-74.046131915344,93,11068.01020217
p_4496,40.72036825777,-74.045240457672,94,11148.36422268
p_4496,40.72000778875,-74.044158002655,95,11248.19746438
p_4496,40.719763844641,-74.043377479832,96,11319.49129355
p_4496,40.719675695876,-74.04307797057,97,11346.62428782
p_4496,40.719616742504,-74.042809749668,98,11370.21311472
p_4496,40.719586419515,-74.042511495701,99,11395.63679445
p_4496,40.719513235912,-74.042476626984,100,11404.28123718
p_4496,40.719219052446,-74.041644338623,101,11481.82005341
p_4496,40.719029394729,-74.04105059259,102,11536.22815258
p_4496,40.718292185025,-74.038833,103,11740.70078121
p_4496,40.717821975948,-74.037399576721,104,11872.59110339
p_4496,40.717392186014,-74.035696101852,105,12024.23005873
p_4496,40.717228317999,-74.034654186508,106,12114.12632508
p_4496,40.717157856744,-74.034271944775,107,12147.35769262
p_4496,40.717071131815,-74.033758825726,108,12191.76987419
p_4496,40.717001922782,-74.033178343586,109,12241.41561601
p_4496,40.716897538582,-74.032407939812,110,12307.53421586
p_4496,40.716828417946,-74.032456219574,111,12316.22663433
p_4496,40.716353514742,-74.0280705728,112,12690.52370012
p_4496,40.714447367842,-74.019565052979,113,13439.73062799
p_4496,40.712728855589,-74.011945715622,114,14111.24012221
p_4497,40.73301,-74.06289,1,0
p_4497,40.7327586527011,-74.0633990714521,2,51.26743361
p_4497,40.72658881793,-74.056463791513,3,952.75896152
p_4497,40.7255151028918,-74.0562716631741,4,1073.09326266
p_4497,40.7247472143148,-74.0558630952416,5,1165.08741049
p_4497,40.7240660154229,-74.0552747574153,6,1255.60250268
p_4497,40.7231123252623,-74.0540163681807,7,1405.66626113
p_4497,40.7226540536953,-74.0530684905668,8,1500.5509766
p_4497,40.721968757483,-74.050804744428,9,1706.3929853
p_4497,40.7194983170973,-74.0426570180573,10,2447.43977937
p_4497,40.71966,-74.04245,11,2472.50585604
p_4497,40.7192912947193,-74.0421874885865,12,2519.07160667
p_4497,40.7175202092649,-74.0363997489497,13,3046.15912305
p_4497,40.7174794164882,-74.0360230023564,14,3078.31242465
p_4497,40.7175915965779,-74.0357000767033,15,3108.30679658
p_4497,40.7178057580481,-74.0355520691103,16,3135.17663997
p_4497,40.72699,-74.03383,17,4165.39868324
p_4497,40.7290707629666,-74.0334268772397,18,4398.960802
p_4497,40.7297738227078,-74.0332508050502,19,4478.4389212
p_4497,40.7304309837237,-74.0330680904492,20,4553.03028367
p_4497,40.73086204892,-74.0328852462503,21,4603.32983568
p_4497,40.7312879796433,-74.0325466458839,22,4658.60525002
p_4497,40.7317006171972,-74.0321325120132,23,4716.25620875
p_4497,40.7319879888246,-74.0317126475585,24,4763.96765259
p_4497,40.7321778586735,-74.0312724670754,25,4806.71382727
p_4497,40.7322497011837,-74.0307984265638,26,4847.54528851
p_4497,40.7322656670057,-74.0298401817473,27,4928.51217012
p_4497,40.7324298781138,-74.0295896174726,28,4956.45039167
p_4497,40.7330507977276,-74.0294812653527,29,5026.0075786
p_4497,40.73586,-74.02922,30,5338.74574547
p_4498,40.73301,-74.06289,1,0
p_4498,40.7327586527011,-74.0633990714521,2,51.26743361
p_4498,40.72658881793,-74.056463791513,3,952.75896152
p_4498,40.7255151028918,-74.0562716631741,4,1073.09326266
p_4498,40.7247472143148,-74.0558630952416,5,1165.08741049
p_4498,40.7240660154229,-74.0552747574153,6,1255.60250268
p_4498,40.7231123252623,-74.0540163681807,7,1405.66626113
p_4498,40.7226540536953,-74.0530684905668,8,1500.5509766
p_4498,40.721968757483,-74.050804744428,9,1706.3929853
p_4498,40.7194983170973,-74.0426570180573,10,2447.43977937
p_4498,40.71966,-74.04245,11,2472.50585604
p_4498,40.7192912947193,-74.0421874885865,12,2519.07160667
p_4498,40.7175202092649,-74.0363997489497,13,3046.15912305
p_4498,40.7174794164882,-74.0360230023564,14,3078.31242465
p_4498,40.7175915965779,-74.0357000767033,15,3108.30679658
p_4498,40.7178057580481,-74.0355520691103,16,3135.17663997
p_4498,40.72699,-74.03383,17,4165.39868324
p_4498,40.7290707629666,-74.0334268772397,18,4398.960802
p_4498,40.7297738227078,-74.0332508050502,19,4478.4389212
p_4498,40.7304309837237,-74.0330680904492,20,4553.03028367
p_4498,40.73086204892,-74.0328852462503,21,4603.32983568
p_4498,40.7312879796433,-74.0325466458839,22,4658.60525002
p_4498,40.7317006171972,-74.0321325120132,23,4716.25620875
p_4498,40.7319879888246,-74.0317126475585,24,4763.96765259
p_4498,40.7321778586735,-74.0312724670754,25,4806.71382727
p_4498,40.7322497011837,-74.0307984265638,26,4847.54528851
p_4498,40.7322656670057,-74.0298401817473,27,4928.51217012
p_4498,40.7324298781138,-74.0295896174726,28,4956.45039167
p_4498,40.7330507977276,-74.0294812653527,29,5026.0075786
p_4498,40.73586,-74.02922,30,5338.74574547
p_4498,40.735858,-74.02922,31,5338.96784308
p_4498,40.735777899042,-74.029304932541,32,5350.39558306
p_4498,40.735651891229,-74.029374669975,33,5365.57798745
p_4498,40.735235392038,-74.029386233799,34,5411.84003543
p_4498,40.734424601248,-74.029397797623,35,5501.88266683
p_4498,40.733377953681,-74.029438847191,36,5618.1633037
p_4498,40.732729655997,-74.029501354431,37,5690.3493283
p_4498,40.732545764811,-74.02922426712,38,5721.41197602
p_4498,40.73241824879,-74.02898521553,39,5746.07585841
p_4498,40.732324414817,-74.028616417908,40,5778.92631744
p_4498,40.732329708431,-74.028208433777,41,5813.39564188
p_4498,40.732364726031,-74.027006515778,42,5915.0016386
p_4498,40.732394808775,-74.02490546286,43,6092.51861754
p_4498,40.732414850006,-74.022607306763,44,6286.66705011
p_4498,40.732446967753,-74.021160915344,45,6408.90229588
p_4498,40.732494261795,-74.015701161407,46,6870.14193879
p_4498,40.732518828125,-74.013093732819,47,7090.41982426
p_4498,40.732507875122,-74.011486753998,48,7226.17384739
p_4498,40.732681448352,-74.010048835998,49,7349.16079375
p_4498,40.732759415183,-74.009475870392,50,7398.32987137
p_4498,40.732876210049,-74.00870477581,51,7464.74603763
p_4498,40.733083454509,-74.007113420971,52,7601.1296544
p_4498,40.732933,-74.007072,53,7618.19989137
p_4498,40.733063376705,-74.006347192451,54,7681.11564666
p_4498,40.733220598109,-74.005356156731,55,7766.6332136
p_4498,40.733402014426,-74.004219544289,56,7864.73753278
p_4498,40.73357840425,-74.003059255928,57,7964.68891207
p_4498,40.733764107205,-74.001874426567,58,8066.87737
p_4498,40.733902421332,-74.00081586837,59,8157.60624895
p_4498,40.734010497257,-74.000053322754,60,8223.12898542
p_4498,40.734069,-73.999656,61,8257.31480766
p_4498,40.734150259457,-73.999223186508,62,8294.97273426
p_4498,40.734249,-73.999107,63,8309.68860105
p_4498,40.734783,-73.99871,64,8377.81432473
p_4498,40.735031,-73.998542,65,8408.79572182
p_4498,40.735389,-73.998275,66,8454.50315097
p_4498,40.73603,-73.997802,67,8536.13205409
p_4498,40.736667,-73.997337,68,8617.04352553
p_4498,40.737354,-73.996849,69,8703.75797645
p_4498,40.737361,-73.996841,70,8704.78797318
p_4498,40.738044,-73.996337,71,8791.76513954
p_4498,40.738685,-73.995872,72,8873.06469047
p_4498,40.739273,-73.995445,73,8947.66024965
p_4498,40.73986,-73.995018,74,9022.15847449
p_4498,40.74044,-73.99459,75,9096.01864322
p_4498,40.741031,-73.994163,76,9170.90555397
p_4498,40.741615,-73.993736,77,9245.11200812
p_4498,40.742233,-73.993293,78,9323.27758858
p_4498,40.7429,-73.992805,79,9408.04301539
p_4498,40.742912,-73.992797,80,9409.53711912
p_4498,40.743568,-73.992317,81,9492.90639436999
p_4498,40.744186,-73.991874,82,9571.0714714
p_4498,40.7448,-73.991416,83,9649.4640118
p_4498,40.745422,-73.990966,84,9728.30236215
p_4498,40.746036,-73.990516,85,9806.36337767
p_4498,40.746658,-73.990066,86,9885.20140182
p_4498,40.747276,-73.989616,87,9963.65037952
p_4498,40.747894,-73.989158,88,10042.42872892
p_4498,40.748504,-73.988708,89,10120.10139026
p_4498,40.749037136642,-73.988332652779,90,10187.2580033
p_4498,40.749114,-73.988273,91,10197.16945106
p_4499,40.73301,-74.06289,1,0
p_4499,40.7327586527011,-74.0633990714521,2,51.26743361
p_4499,40.72658881793,-74.056463791513,3,952.75896152
p_4499,40.7255151028918,-74.0562716631741,4,1073.09326266
p_4499,40.7247472143148,-74.0558630952416,5,1165.08741049
p_4499,40.7240660154229,-74.0552747574153,6,1255.60250268
p_4499,40.7231123252623,-74.0540163681807,7,1405.66626113
p_4499,40.7226540536953,-74.0530684905668,8,1500.5509766
p_4499,40.721968757483,-74.050804744428,9,1706.3929853
p_4499,40.7194983170973,-74.0426570180573,10,2447.43977937
p_4499,40.71966,-74.04245,11,2472.50585604
p_4499,40.7192912947193,-74.0421874885865,12,2519.07160667
p_4499,40.7175202092649,-74.0363997489497,13,3046.15912305
p_4499,40.7174794164882,-74.0360230023564,14,3078.31242465
p_4499,40.7175915965779,-74.0357000767033,15,3108.30679658
p_4499,40.7178057580481,-74.0355520691103,16,3135.17663997
p_4499,40.72699,-74.03383,17,4165.39868324
p_4499,40.727087824726,-74.033799541,18,4176.56258855
p_4499,40.727938961523,-74.033680625656,19,4271.61256278
p_4499,40.728930782902,-74.033520879623,20,4382.57669398
p_4499,40.729501382642,-74.033401675919,21,4446.73624904
p_4499,40.730249234109,-74.033135895493,22,4532.76574435
p_4499,40.730966124647,-74.032822284378,23,4616.6679896
p_4499,40.731505671178,-74.032422876968,24,4685.43085796
p_4499,40.731847177698,-74.031938537018,25,4741.21834373
p_4499,40.732111157559,-74.031127708984,26,4815.72256968
p_4499,40.732226454212,-74.030132657394,27,4900.74891854
p_4499,40.73227240686,-74.028569173294,28,5032.9223693
p_4499,40.732121769531,-74.025345161407,29,5305.78338412
p_4499,40.731957684259,-74.022438870453,30,5551.96757578
p_4499,40.731689570414,-74.016526960358,31,6052.26453245
p_4499,40.731431977659,-74.012357748688,32,6405.62096651
p_4499,40.731306080568,-74.01014330423,33,6593.20974767
p_4499,40.731149963103,-74.008947425934,34,6695.70957843
p_4499,40.731095856626,-74.008376450401,35,6744.31619284
p_4499,40.73115483712,-74.008150824745,36,6764.47014604
p_4499,40.731225488521,-74.008018095909,37,6778.15495199
p_4499,40.73132985869,-74.007953049282,38,6790.98171259
p_4499,40.731483009033,-74.007898731491,39,6808.59698507
p_4499,40.731981916884,-74.007771367073,40,6865.03510087
p_4499,40.732713544946,-74.007593536385,41,6947.6585779
p_4499,40.732770454243,-74.007545256622,42,6955.18001064
p_4499,40.732855805106,-74.007410849213,43,6969.97008598
p_4499,40.732924896107,-74.007265712967,44,6984.43314174
p_4499,40.732961454561,-74.007078705522,45,7000.74370701
p_4499,40.732933,-74.007072,46,7003.9539198
p_4499,40.733063376705,-74.006347192451,47,7066.86967509
p_4499,40.733220598109,-74.005356156731,48,7152.38724203
p_4499,40.733402014426,-74.004219544289,49,7250.49156121
p_4499,40.73357840425,-74.003059255928,50,7350.4429405
p_4499,40.733764107205,-74.001874426567,51,7452.63139843
p_4499,40.733902421332,-74.00081586837,52,7543.36027738
p_4499,40.734010497257,-74.000053322754,53,7608.88301385
p_4499,40.734069,-73.999656,54,7643.06883609
p_4499,40.734150259457,-73.999223186508,55,7680.72676269
p_4499,40.734249,-73.999107,56,7695.44262948
p_4499,40.734783,-73.99871,57,7763.56835316
p_4499,40.735031,-73.998542,58,7794.54975025
p_4499,40.735389,-73.998275,59,7840.2571794
p_4499,40.73603,-73.997802,60,7921.88608252
p_4499,40.736667,-73.997337,61,8002.79755396
p_4499,40.737354,-73.996849,62,8089.51200488
p_4499,40.737361,-73.996841,63,8090.54200161
p_4499,40.738044,-73.996337,64,8177.51916797
p_4499,40.738685,-73.995872,65,8258.8187189
p_4499,40.739273,-73.995445,66,8333.41427808
p_4499,40.73986,-73.995018,67,8407.91250292
p_4499,40.74044,-73.99459,68,8481.77267165
p_4499,40.741031,-73.994163,69,8556.6595824
p_4499,40.741615,-73.993736,70,8630.86603655
p_4499,40.742233,-73.993293,71,8709.03161701
p_4499,40.7429,-73.992805,72,8793.79704382
p_4499,40.742912,-73.992797,73,8795.29114755
p_4499,40.743568,-73.992317,74,8878.66042279999
p_4499,40.744186,-73.991874,75,8956.82549982999
p_4499,40.7448,-73.991416,76,9035.21804022999
p_4499,40.745422,-73.990966,77,9114.05639058
p_4499,40.746036,-73.990516,78,9192.11740609999
p_4499,40.746658,-73.990066,79,9270.95543024999
p_4499,40.747276,-73.989616,80,9349.40440794999
p_4499,40.747894,-73.989158,81,9428.18275734999
p_4499,40.748504,-73.988708,82,9505.85541868999
p_4499,40.749037136642,-73.988332652779,83,9573.01203173
p_4499,40.749114,-73.988273,84,9582.92347948999
p_4501,40.749114,-73.988273,1,0
p_4501,40.747609531294,-73.98938738623,2,191.75482622
p_4501,40.745953428053,-73.990544878296,3,400.03090966
p_4501,40.744652691968,-73.991536875641,4,567.01582091
p_4501,40.743303108639,-73.992516317444,5,738.20037744
p_4501,40.7429,-73.992805,6,789.17477067
p_4501,40.742912,-73.992797,7,790.6688744
p_4501,40.742373088497,-73.993207493393,8,859.83217961
p_4501,40.739914186254,-73.994975306885,9,1171.04925747
p_4501,40.738889921445,-73.995715596573,10,1300.84701913
p_4501,40.737975823747,-73.996414320099,11,1418.26688112
p_4501,40.737354,-73.996849,12,1496.47423912
p_4501,40.737361,-73.996841,13,1497.50423585
p_4501,40.736202622701,-73.997659249985,14,1643.5332032
p_4501,40.735126148858,-73.99848045369,15,1781.74290149
p_4501,40.734544587943,-73.99889425264,16,1855.17711514
p_4501,40.734359599612,-73.999038114086,17,1879.04510684
p_4501,40.734249,-73.999107,18,1892.63578009
p_4501,40.734096041009,-73.999482476196,19,1928.61508909
p_4501,40.733917817063,-74.00069030423,20,2032.54522461
p_4501,40.733818495684,-74.001435347221,21,2096.4401631
p_4501,40.733714009819,-74.002191152115,22,2161.33091909
p_4501,40.733615,-74.002822,23,2215.74293484
p_4501,40.73336,-74.004241,24,2338.90980222
p_4501,40.733139,-74.005828,25,2475.19707532
p_4501,40.733055,-74.006408,26,2525.07188271
p_4501,40.732933,-74.007072,27,2582.77545429
p_4501,40.73308746747,-74.007129667494,28,2600.60717466
p_4501,40.732852,-74.008970392868,29,2758.28356788
p_4501,40.732693389721,-74.01010167263,30,2855.45700125
p_4501,40.732595830783,-74.010796364765,31,2915.13224361
p_4501,40.732538921336,-74.012307789545,32,3042.9651548
p_4501,40.732538921336,-74.013819214325,33,3170.6418096
p_4501,40.732356404521,-74.026992769806,34,4283.65567801
p_4501,40.732338971466,-74.028620501297,35,4421.17128994
p_4501,40.732519468235,-74.029181869003,36,4472.65464109
p_4501,40.732688786023,-74.029480413986,37,4504.11178479
p_4501,40.733053091233,-74.029469365051,38,4544.57818742
p_4501,40.733844273609,-74.02941658728,39,4632.55105079
p_4501,40.735022048948,-74.029384657394,40,4763.36937108
p_4501,40.735359248297,-74.029411608459,41,4800.88409279
p_4501,40.735643782982,-74.029400879623,42,4832.49432195
p_4501,40.735858,-74.02922,43,4860.76694723
p_4501,40.73586,-74.02922,44,4860.98904484
p_4501,40.7327230764909,-74.0297761152865,45,5212.49373362
p_4501,40.7324375291734,-74.0298920627113,46,5245.68163793
p_4501,40.7322398418488,-74.0300949707029,47,5273.53357479
p_4501,40.7320531366173,-74.0314283660575,48,5388.06427219
p_4501,40.7318334827225,-74.0320225966001,49,5443.87459819
p_4501,40.7315040005307,-74.0324139191512,50,5493.18483616
p_4501,40.7311525510644,-74.0326748008519,51,5538.00524188
p_4501,40.7307352024414,-74.0329646693768,52,5590.422506
p_4501,40.7290338579154,-74.0335215603108,53,5785.12369287
p_4501,40.72699,-74.03383,54,6013.58220484
p_4501,40.7177198112537,-74.0355320545759,55,7053.01844886
p_4501,40.7175362625768,-74.0357215788022,56,7078.93930921
p_4501,40.7174709683811,-74.0361949603523,57,7119.58882359
p_4501,40.7186817660157,-74.040132175932,58,7478.39975146
p_4501,40.7192905948899,-74.0417990795137,59,7634.62627417
p_4501,40.71966,-74.04245,60,7703.23711983
p_4501,40.7194413658267,-74.0426620969576,61,7733.41334571
p_4501,40.7218952606353,-74.0503944930617,62,8441.27271112
p_4501,40.7220212580733,-74.0512257375318,63,8512.88291031
p_4501,40.7226542468103,-74.0532294112789,64,8696.18162224
p_4501,40.7243218548436,-74.0550541306046,65,8937.13776412
p_4501,40.7268841955206,-74.0567715134971,66,9256.53810019
p_4501,40.7311232968853,-74.0615578350617,67,9877.09875049
p_4501,40.7325517498383,-74.0632995951905,68,10093.45886695
p_4501,40.73301,-74.06289,69,10154.99561281
p_4502,40.749114,-73.988273,1,0
p_4502,40.747609531294,-73.98938738623,2,191.75482622
p_4502,40.745953428053,-73.990544878296,3,400.03090966
p_4502,40.744652691968,-73.991536875641,4,567.01582091
p_4502,40.743303108639,-73.992516317444,5,738.20037744
p_4502,40.7429,-73.992805,6,789.17477067
p_4502,40.742912,-73.992797,7,790.6688744
p_4502,40.742373088497,-73.993207493393,8,859.83217961
p_4502,40.739914186254,-73.994975306885,9,1171.04925747
p_4502,40.738889921445,-73.995715596573,10,1300.84701913
p_4502,40.737975823747,-73.996414320099,11,1418.26688112
p_4502,40.737354,-73.996849,12,1496.47423912
p_4502,40.737361,-73.996841,13,1497.50423585
p_4502,40.736202622701,-73.997659249985,14,1643.5332032
p_4502,40.735126148858,-73.99848045369,15,1781.74290149
p_4502,40.734544587943,-73.99889425264,16,1855.17711514
p_4502,40.734359599612,-73.999038114086,17,1879.04510684
p_4502,40.734249,-73.999107,18,1892.63578009
p_4502,40.734096041009,-73.999482476196,19,1928.61508909
p_4502,40.733917817063,-74.00069030423,20,2032.54522461
p_4502,40.733818495684,-74.001435347221,21,2096.4401631
p_4502,40.733714009819,-74.002191152115,22,2161.33091909
p_4502,40.733615,-74.002822,23,2215.74293484
p_4502,40.73336,-74.004241,24,2338.90980222
p_4502,40.733139,-74.005828,25,2475.19707532
p_4502,40.733055,-74.006408,26,2525.07188271
p_4502,40.732933,-74.007072,27,2582.77545429
p_4502,40.733083701353,-74.007098210976,28,2599.65648609
p_4502,40.732872247403,-74.008653279762,29,2733.10130783
p_4502,40.732745969897,-74.009628578049,30,2816.67356884
p_4502,40.732581881163,-74.011002029778,31,2934.11702959
p_4502,40.732509248135,-74.014345410065,32,3216.66209268
p_4502,40.732386317208,-74.022324544983,33,3890.83362793
p_4502,40.732337446609,-74.027332272491,34,4313.89418152
p_4502,40.732314581615,-74.028609772461,35,4421.84039659
p_4502,40.732444900152,-74.029046663971,36,4461.48254128
p_4502,40.732629278578,-74.029373863693,37,4495.88013422
p_4502,40.732753822103,-74.029493744705,38,4513.02169505
p_4502,40.733757779375,-74.029407079029,39,4624.75000973
p_4502,40.734761721497,-74.029406244041,40,4736.23657475
p_4502,40.735172267698,-74.029395515205,41,4781.8362399
p_4502,40.735609944705,-74.029379799599,42,4830.45787065
p_4502,40.735730567744,-74.029347990738,43,4844.11974004
p_4502,40.735858,-74.02922,44,4861.92825026
p_4503,40.749114,-73.988273,1,0
p_4503,40.747609531294,-73.98938738623,2,191.75482622
p_4503,40.745953428053,-73.990544878296,3,400.03090966
p_4503,40.744652691968,-73.991536875641,4,567.01582091
p_4503,40.743303108639,-73.992516317444,5,738.20037744
p_4503,40.7429,-73.992805,6,789.17477067
p_4503,40.742912,-73.992797,7,790.6688744
p_4503,40.742373088497,-73.993207493393,8,859.83217961
p_4503,40.739914186254,-73.994975306885,9,1171.04925747
p_4503,40.738889921445,-73.995715596573,10,1300.84701913
p_4503,40.737975823747,-73.996414320099,11,1418.26688112
p_4503,40.737354,-73.996849,12,1496.47423912
p_4503,40.737361,-73.996841,13,1497.50423585
p_4503,40.736202622701,-73.997659249985,14,1643.5332032
p_4503,40.735126148858,-73.99848045369,15,1781.74290149
p_4503,40.734544587943,-73.99889425264,16,1855.17711514
p_4503,40.734359599612,-73.999038114086,17,1879.04510684
p_4503,40.734249,-73.999107,18,1892.63578009
p_4503,40.734096041009,-73.999482476196,19,1928.61508909
p_4503,40.733917817063,-74.00069030423,20,2032.54522461
p_4503,40.733818495684,-74.001435347221,21,2096.4401631
p_4503,40.733714009819,-74.002191152115,22,2161.33091909
p_4503,40.733615,-74.002822,23,2215.74293484
p_4503,40.73336,-74.004241,24,2338.90980222
p_4503,40.733139,-74.005828,25,2475.19707532
p_4503,40.733055,-74.006408,26,2525.07188271
p_4503,40.732933,-74.007072,27,2582.77545429
p_4503,40.732920915936,-74.007307422615,28,2602.70773863
p_4503,40.73278479572,-74.007527057865,29,2626.63938689
p_4503,40.732616155573,-74.007607218246,30,2646.55329783
p_4503,40.731713464696,-74.007847591263,31,2748.83187336
p_4503,40.731293276493,-74.007965769173,32,2796.54923127
p_4503,40.73114538709,-74.008180506607,33,2821.01917727
p_4503,40.731103391867,-74.008376515205,34,2838.22143022
p_4503,40.731160302541,-74.009111440475,35,2900.62592511
p_4503,40.731283491409,-74.010190715622,36,2992.81939772
p_4503,40.731414722249,-74.01162931485,37,3115.21697446
p_4503,40.731471805358,-74.012705505341,38,3206.34970997
p_4503,40.731519367557,-74.013691915405,39,3289.84460248
p_4503,40.73160866773,-74.015143427322,40,3412.86229709
p_4503,40.731665535523,-74.016552566223,41,3532.067418
p_4503,40.731842590694,-74.020460846619,42,3862.80576196
p_4503,40.732093638614,-74.02573631485,43,4309.32257815
p_4503,40.732272406985,-74.029048886261,44,4589.85474941
p_4503,40.732177545452,-74.030790777771,45,4737.37722199
p_4503,40.731948732776,-74.031796236771,46,4826.03262166
p_4503,40.731420520339,-74.032512078018,47,4910.27883295
p_4503,40.730812028762,-74.032909722198,48,4985.74000941
p_4503,40.729828281016,-74.033317739395,49,5100.29254735
p_4503,40.728909409385,-74.033529648102,50,5203.89045718
p_4503,40.727903999055,-74.033693275085,51,5316.39238513
p_4503,40.727380379276,-74.033752477463,52,5374.75435296
p_4503,40.727014515384,-74.033827165329,53,5415.87007645
p_4503,40.72699,-74.03383,54,5418.60298891
p_4503,40.7177198112537,-74.0355320545759,55,6458.03923293
p_4503,40.7175362625768,-74.0357215788022,56,6483.96009328
p_4503,40.7174709683811,-74.0361949603523,57,6524.60960766
p_4503,40.7186817660157,-74.040132175932,58,6883.42053553
p_4503,40.7192905948899,-74.0417990795137,59,7039.64705824
p_4503,40.71966,-74.04245,60,7108.2579039
p_4503,40.7194413658267,-74.0426620969576,61,7138.43412978
p_4503,40.7218952606353,-74.0503944930617,62,7846.29349519
p_4503,40.7220212580733,-74.0512257375318,63,7917.90369438
p_4503,40.7226542468103,-74.0532294112789,64,8101.20240631
p_4503,40.7243218548436,-74.0550541306046,65,8342.15854819
p_4503,40.7268841955206,-74.0567715134971,66,8661.55888426
p_4503,40.7311232968853,-74.0615578350617,67,9282.11953456
p_4503,40.7325517498383,-74.0632995951905,68,9498.47965102
p_4503,40.73301,-74.06289,69,9560.01639688
p_4507,40.71271,-74.01193,1,0
p_4507,40.7126765142352,-74.0120508062551,2,10.86425783
p_4507,40.7143123757523,-74.0157465895691,3,372.14536771
p_4507,40.7149326174795,-74.0173585721882,4,524.77749786
p_4507,40.7168822457207,-74.0323671398266,5,1811.28070578
p_4507,40.7168857231406,-74.0323837127229,6,1812.73328891
p_4507,40.7173288371993,-74.0352750298008,7,2061.93832513
p_4507,40.7174870379608,-74.0354837555098,8,2086.83129897
p_4507,40.7176155758105,-74.035542459616,9,2101.94247688
p_4507,40.72699,-74.03383,10,3152.96448687
p_4507,40.7290707629666,-74.0334268772397,11,3386.52660563
p_4507,40.7297738227078,-74.0332508050502,12,3466.00472483
p_4507,40.7304309837237,-74.0330680904492,13,3540.5960873
p_4507,40.73086204892,-74.0328852462503,14,3590.89563931
p_4507,40.7312879796433,-74.0325466458839,15,3646.17105365
p_4507,40.7317006171972,-74.0321325120132,16,3703.82201238
p_4507,40.7319879888246,-74.0317126475585,17,3751.53345622
p_4507,40.7321778586735,-74.0312724670754,18,3794.2796309
p_4507,40.7322497011837,-74.0307984265638,19,3835.11109214
p_4507,40.7322656670057,-74.0298401817473,20,3916.07797375
p_4507,40.7324298781138,-74.0295896174726,21,3944.0161953
p_4507,40.7330507977276,-74.0294812653527,22,4013.57338223
p_4507,40.73586,-74.02922,23,4326.3115491
p_5502,40.712712590898,-74.011934986786,1,0
p_5502,40.714717980837,-74.018992926025,2,636.60492274
p_5502,40.71676584561,-74.032384409718,3,1790.75280663
p_5502,40.71688127491,-74.032370388886,4,1803.62567858
p_5502,40.716985659135,-74.033004,5,1858.40262636
p_5502,40.717103659063,-74.034013635582,6,1944.71126352
p_5502,40.71718631805,-74.034430195106,7,1981.08522869
p_5502,40.717359658907,-74.035502982803,8,2073.75035994
p_5502,40.717691868262,-74.036997245369,9,2205.28499431
p_5502,40.71828405336,-74.038800813492,10,2371.25723731
p_5502,40.719114776211,-74.041383186508,11,2608.14713621
p_5502,40.719365420216,-74.04208958532,12,2674.00264257
p_5502,40.719501038638,-74.04248735582,13,2710.83073233
p_5502,40.719521367428,-74.042583915344,14,2719.29569785
p_5502,40.72023270102,-74.044888461655,15,2929.42085168
p_5502,40.720570307705,-74.046021222229,16,3032.20855164
p_5502,40.720777773469,-74.046642720238,17,3089.55035457
p_5502,40.720871284058,-74.046969949738,18,3119.08352218
p_5502,40.721220868693,-74.048048520515,19,3218.13520883
p_5502,40.721478272358,-74.04883172422,20,3290.21682035
p_5502,40.721855128004,-74.050086903458,21,3404.22332193
p_5502,40.721989506993,-74.050665843269,22,3455.36234121
p_5502,40.722158936357,-74.051474970917,23,3526.26552196
p_5502,40.722485382644,-74.052593531769,24,3627.48410632
p_5502,40.722702223978,-74.053275294998,25,3689.91497232
p_5502,40.722949073394,-74.053761175949,26,3739.27662185
p_5502,40.723595546896,-74.054626999367,27,3841.7691813
p_5502,40.724334099715,-74.055559923309,28,3955.51811628
p_5502,40.724810972429,-74.055908966301,29,4016.13103514
p_5502,40.725367964914,-74.056308246063,30,4086.58467574
p_5502,40.72576231321,-74.056475474236,31,4132.59906261
p_5502,40.72621902499,-74.056466447113,32,4183.32200692
p_5502,40.726589114836,-74.056683141556,33,4228.31291897
p_5502,40.727285736153,-74.057337761269,34,4323.40675472
p_5502,40.728074608595,-74.058199888916,35,4437.33202733
p_5502,40.728996040744,-74.059223466965,36,4571.30010717
p_5502,40.729685857581,-74.060038214325,37,4674.28277104
p_5502,40.730470459438,-74.060979171333,38,4792.22374601
p_5502,40.73101261602,-74.061599613136,39,4872.04756865
p_5502,40.731721421853,-74.062386993424,40,4975.09983913
p_5502,40.732784092169,-74.063192363786,41,5111.31468346
p_5502,40.732868116783,-74.063189407409,42,5120.64885305
p_5502,40.733086298625,-74.06375710318,43,5174.37741884
p_5502,40.733322064077,-74.064143341278,44,5216.21021811
p_5502,40.73417883171,-74.065110509262,45,5341.61749008
p_5502,40.735111160405,-74.066226180565,46,5481.62092118
p_5502,40.735597567255,-74.06711487368,47,5574.10285166
p_5502,40.736104381468,-74.068257652779,48,5685.84250721
p_5502,40.736700676463,-74.070002373016,49,5847.41099488
p_5502,40.737100641701,-74.071548932541,50,5985.39122749
p_5502,40.737393254118,-74.072587923943,51,6078.97561942
p_5502,40.737809327209,-74.07402179895,52,6208.60608539
p_5502,40.738308146789,-74.075843579376,53,6372.15361558
p_5502,40.738662805642,-74.077392514572,54,6508.78664926
p_5502,40.739392035271,-74.0802772864,55,6765.55640619
p_5502,40.739536712222,-74.08087736113,56,6818.72746172
p_5502,40.739759658551,-74.081621842606,57,6886.30864109
p_5502,40.740535374845,-74.084286785736,58,7127.32256633
p_5502,40.74096054812,-74.08604236113,59,7282.94093207
p_5502,40.741163617572,-74.087229666687,60,7385.72920856
p_5502,40.741246142365,-74.088572310867,61,7499.50319607
p_5502,40.741308404004,-74.089999374344,62,7620.23585014
p_5502,40.74139357879,-74.092416731491,63,7824.63259435
p_5502,40.74144227644,-74.095908161346,64,8119.57929878
p_5502,40.741680660317,-74.103528751343,65,8763.78100946
p_5502,40.74211291193,-74.108214904785,66,9162.48543419
p_5502,40.742624891832,-74.112539589996,67,9532.1549922
p_5502,40.74309802004,-74.117642653412,68,9966.35696069
p_5502,40.743176565871,-74.121987253967,69,10333.40976306
p_5502,40.743303920181,-74.126289481506,70,10697.05460156
p_5502,40.742684482783,-74.134419333313,71,11387.14810572
p_5502,40.742189836773,-74.14127820636,72,11969.05958199
p_5502,40.741794079169,-74.146624015808,73,12422.71335327
p_5502,40.741538244471,-74.149229936462,74,12644.64274033
p_5502,40.741326894692,-74.15133278833,75,12823.80015475
p_5502,40.740832630878,-74.153033757919,76,12977.59771544
p_5502,40.740285323582,-74.154069539673,77,13084.12394654
p_5502,40.739891471501,-74.154748541,78,13156.24974744
p_5502,40.73958680951,-74.155316525131,79,13214.95428936
p_5502,40.739306934569,-74.155827203705,80,13268.1197272
p_5502,40.739380096405,-74.155762830688,81,13277.89584842
p_5502,40.738877576581,-74.156573951065,82,13366.25888376
p_5502,40.737598400232,-74.158985498703,83,13614.59495199
p_5502,40.737221210054,-74.159736805588,84,13690.63342456
p_5502,40.736566616787,-74.160971265915,85,13817.74382457
p_5502,40.73590366022,-74.162094709045,86,13937.84963249
p_5502,40.735625221034,-74.162546313522,87,13986.95434946
p_5502,40.735266195273,-74.163075271858,88,14046.83758408
p_5502,40.734937036291,-74.163545989441,89,14100.8479593
p_5502,40.73471097777,-74.163874887589,90,14138.29198368
