stop_id,stop_city
26722,
26723,
26724,
26725,
26726,
26727,
26728,
26729,
26730,
26731,
26732,
26733,
26734,
781715,
781716,
781717,
781718,
781719,
781720,
781721,
781722,
781723,
781724,
781725,
781726,
781727,
781728,
781729,
781730,
781731,
781732,
781733,
781734,
781735,
781736,
781737,
781738,
781739,
781740,
781741,
781763,
781764,
781765,
781766,
782490,
782491,
782492,
782493,
782494,
782495,
782496,
782497,
782498,
782499,
782500,
782501,
782502,
782503,
782504,
782505,
782506,
782507,
782508,
782509,
782510,
782511,
782512,
794724,
2324931,
2324933,
2324934,
2324935,
2324936,
2324937,
2324940,
2324941,
2324942,
2324943,
2324945,
26722,
26723,
26724,
26725,
26726,
26727,
26728,
26729,
26730,
26731,
26732,
26733,
26734,
781715,
781716,
781717,
781718,
781719,
781720,
781721,
781722,
781723,
781724,
781725,
781726,
781727,
781728,
781729,
781730,
781731,
781732,
781733,
781734,
781735,
781736,
781737,
781738,
781739,
781740,
781741,
781763,
781764,
781765,
781766,
782490,
782491,
782492,
782493,
782494,
782495,
782496,
782497,
782498,
782499,
782500,
782501,
782502,
782503,
782504,
782505,
782506,
782507,
782508,
782509,
782510,
782511,
782512,
794724,
2324931,
2324933,
2324934,
2324935,
2324936,
2324937,
2324940,
2324941,
2324942,
2324943,
2324945,
